65.000000
56.000000
3.000000
108.000000
6.000000
146.000000
83.000000
165.000000
222.000000
83.000000
157.000000
337.000000
358.000000
6.000000
157.000000
361.000000
83.000000
199.000000
159.000000
88.000000
364.000000
187.000000
299.000000
187.000000
77.000000
87.000000
245.000000
337.000000
3.000000
96.000000
92.000000
49.000000
12.000000
165.000000
204.000000
11.000000
68.000000
157.000000
11.000000
276.000000
83.000000
35.000000
185.000000
223.000000
204.000000
266.000000
311.000000
12.000000
146.000000
83.000000
206.000000
279.000000
14.000000
194.000000
279.000000
279.000000
117.000000
11.000000
319.000000
173.000000
361.000000
358.000000
349.000000
279.000000
65.000000
244.000000
364.000000
1.000000
346.000000
299.000000
49.000000
171.000000
187.000000
299.000000
277.000000
157.000000
171.000000
167.000000
117.000000
265.000000
83.000000
279.000000
282.000000
173.000000
279.000000
222.000000
279.000000
150.000000
108.000000
207.000000
92.000000
362.000000
195.000000
83.000000
146.000000
139.000000
228.000000
32.000000
174.000000
187.000000
165.000000
222.000000
9.000000
67.000000
108.000000
279.000000
3.000000
299.000000
279.000000
265.000000
157.000000
250.000000
27.000000
358.000000
157.000000
49.000000
83.000000
204.000000
48.000000
279.000000
108.000000
1.000000
266.000000
116.000000
150.000000
173.000000
35.000000
360.000000
97.000000
279.000000
223.000000
111.000000
9.000000
173.000000
327.000000
67.000000
279.000000
83.000000
358.000000
279.000000
77.000000
223.000000
299.000000
83.000000
309.000000
153.000000
207.000000
204.000000
157.000000
49.000000
11.000000
3.000000
6.000000
146.000000
92.000000
167.000000
279.000000
7.000000
349.000000
244.000000
92.000000
108.000000
153.000000
282.000000
279.000000
35.000000
279.000000
279.000000
35.000000
1.000000
7.000000
279.000000
159.000000
231.000000
337.000000
116.000000
279.000000
108.000000
27.000000
139.000000
83.000000
207.000000
231.000000
35.000000
83.000000
1.000000
364.000000
11.000000
138.000000
167.000000
6.000000
364.000000
11.000000
361.000000
83.000000
11.000000
6.000000
251.000000
83.000000
146.000000
277.000000
279.000000
11.000000
138.000000
17.000000
68.000000
231.000000
35.000000
56.000000
75.000000
279.000000
87.000000
108.000000
68.000000
102.000000
150.000000
226.000000
87.000000
3.000000
35.000000
83.000000
83.000000
69.000000
337.000000
65.000000
14.000000
102.000000
92.000000
6.000000
204.000000
3.000000
68.000000
279.000000
92.000000
165.000000
305.000000
222.000000
132.000000
68.000000
117.000000
358.000000
290.000000
3.000000
360.000000
146.000000
62.000000
35.000000
35.000000
315.000000
230.000000
171.000000
83.000000
47.000000
150.000000
108.000000
184.000000
102.000000
266.000000
83.000000
157.000000
279.000000
305.000000
70.000000
299.000000
279.000000
377.000000
35.000000
377.000000
323.000000
49.000000
279.000000
250.000000
35.000000
92.000000
83.000000
361.000000
305.000000
279.000000
68.000000
174.000000
14.000000
173.000000
279.000000
3.000000
244.000000
279.000000
180.000000
146.000000
360.000000
167.000000
299.000000
153.000000
65.000000
222.000000
3.000000
304.000000
49.000000
279.000000
337.000000
146.000000
157.000000
3.000000
146.000000
346.000000
92.000000
150.000000
279.000000
35.000000
100.000000
3.000000
326.000000
11.000000
173.000000
319.000000
279.000000
35.000000
184.000000
146.000000
83.000000
337.000000
61.000000
361.000000
173.000000
194.000000
3.000000
222.000000
7.000000
279.000000
3.000000
197.000000
83.000000
92.000000
299.000000
337.000000
282.000000
279.000000
279.000000
210.000000
187.000000
165.000000
309.000000
41.000000
360.000000
277.000000
234.000000
35.000000
351.000000
300.000000
117.000000
48.000000
35.000000
118.000000
46.000000
139.000000
139.000000
68.000000
67.000000
279.000000
383.000000
6.000000
337.000000
68.000000
349.000000
6.000000
309.000000
337.000000
310.000000
360.000000
92.000000
167.000000
92.000000
102.000000
337.000000
174.000000
83.000000
4.000000
172.000000
11.000000
2.000000
92.000000
377.000000
291.000000
207.000000
83.000000
206.000000
6.000000
6.000000
48.000000
167.000000
108.000000
167.000000
6.000000
304.000000
3.000000
27.000000
165.000000
92.000000
87.000000
277.000000
1.000000
358.000000
35.000000
108.000000
279.000000
279.000000
360.000000
279.000000
322.000000
35.000000
322.000000
171.000000
14.000000
226.000000
383.000000
49.000000
279.000000
96.000000
187.000000
310.000000
282.000000
279.000000
165.000000
383.000000
174.000000
299.000000
173.000000
75.000000
364.000000
6.000000
210.000000
35.000000
279.000000
279.000000
349.000000
222.000000
117.000000
326.000000
207.000000
83.000000
319.000000
6.000000
146.000000
6.000000
222.000000
83.000000
138.000000
100.000000
361.000000
245.000000
173.000000
173.000000
165.000000
305.000000
146.000000
11.000000
279.000000
49.000000
309.000000
83.000000
285.000000
279.000000
362.000000
349.000000
56.000000
3.000000
299.000000
83.000000
279.000000
279.000000
48.000000
361.000000
279.000000
117.000000
102.000000
35.000000
157.000000
377.000000
266.000000
83.000000
282.000000
337.000000
173.000000
27.000000
204.000000
35.000000
6.000000
97.000000
299.000000
304.000000
4.000000
77.000000
266.000000
250.000000
279.000000
83.000000
150.000000
337.000000
11.000000
360.000000
174.000000
279.000000
102.000000
83.000000
279.000000
157.000000
49.000000
146.000000
6.000000
36.000000
319.000000
279.000000
187.000000
322.000000
49.000000
49.000000
326.000000
83.000000
146.000000
207.000000
159.000000
157.000000
68.000000
299.000000
349.000000
279.000000
102.000000
146.000000
362.000000
14.000000
87.000000
11.000000
92.000000
146.000000
173.000000
35.000000
157.000000
35.000000
97.000000
277.000000
240.000000
358.000000
250.000000
11.000000
10.000000
87.000000
49.000000
305.000000
102.000000
3.000000
346.000000
279.000000
171.000000
279.000000
27.000000
315.000000
173.000000
35.000000
1.000000
150.000000
157.000000
279.000000
3.000000
62.000000
167.000000
204.000000
184.000000
1.000000
222.000000
61.000000
31.000000
35.000000
279.000000
11.000000
291.000000
279.000000
83.000000
299.000000
49.000000
187.000000
87.000000
35.000000
244.000000
187.000000
192.000000
299.000000
87.000000
27.000000
291.000000
159.000000
62.000000
83.000000
299.000000
35.000000
40.000000
279.000000
102.000000
346.000000
3.000000
67.000000
87.000000
150.000000
1.000000
300.000000
146.000000
96.000000
309.000000
77.000000
194.000000
83.000000
173.000000
167.000000
83.000000
265.000000
305.000000
204.000000
290.000000
43.000000
299.000000
279.000000
377.000000
187.000000
3.000000
299.000000
146.000000
48.000000
194.000000
279.000000
65.000000
173.000000
204.000000
322.000000
222.000000
210.000000
108.000000
2.000000
3.000000
68.000000
48.000000
277.000000
174.000000
360.000000
184.000000
35.000000
10.000000
92.000000
337.000000
3.000000
279.000000
68.000000
65.000000
187.000000
346.000000
187.000000
337.000000
49.000000
194.000000
83.000000
117.000000
146.000000
3.000000
279.000000
108.000000
279.000000
204.000000
146.000000
35.000000
279.000000
6.000000
279.000000
108.000000
305.000000
377.000000
49.000000
83.000000
35.000000
358.000000
174.000000
279.000000
83.000000
358.000000
279.000000
157.000000
250.000000
6.000000
146.000000
222.000000
83.000000
117.000000
35.000000
27.000000
61.000000
157.000000
165.000000
279.000000
48.000000
228.000000
32.000000
207.000000
358.000000
173.000000
157.000000
192.000000
14.000000
81.000000
68.000000
100.000000
173.000000
117.000000
92.000000
299.000000
35.000000
157.000000
305.000000
285.000000
290.000000
108.000000
157.000000
194.000000
146.000000
35.000000
35.000000
36.000000
49.000000
251.000000
279.000000
337.000000
132.000000
87.000000
315.000000
305.000000
299.000000
157.000000
222.000000
234.000000
67.000000
171.000000
383.000000
11.000000
220.000000
185.000000
150.000000
299.000000
81.000000
146.000000
108.000000
194.000000
222.000000
346.000000
83.000000
67.000000
346.000000
108.000000
87.000000
69.000000
150.000000
322.000000
27.000000
68.000000
377.000000
276.000000
6.000000
49.000000
311.000000
11.000000
176.000000
83.000000
150.000000
279.000000
371.000000
153.000000
346.000000
173.000000
11.000000
199.000000
180.000000
277.000000
150.000000
68.000000
68.000000
279.000000
49.000000
87.000000
222.000000
27.000000
148.000000
279.000000
315.000000
35.000000
11.000000
309.000000
371.000000
165.000000
146.000000
279.000000
43.000000
315.000000
174.000000
279.000000
377.000000
146.000000
187.000000
222.000000
3.000000
279.000000
153.000000
153.000000
165.000000
27.000000
279.000000
204.000000
251.000000
11.000000
6.000000
3.000000
102.000000
222.000000
249.000000
67.000000
68.000000
150.000000
361.000000
49.000000
102.000000
56.000000
35.000000
14.000000
277.000000
167.000000
290.000000
362.000000
102.000000
210.000000
11.000000
83.000000
172.000000
117.000000
6.000000
279.000000
11.000000
383.000000
185.000000
83.000000
4.000000
309.000000
11.000000
207.000000
150.000000
173.000000
132.000000
234.000000
4.000000
7.000000
96.000000
92.000000
360.000000
98.000000
157.000000
11.000000
165.000000
3.000000
83.000000
2.000000
31.000000
35.000000
35.000000
309.000000
173.000000
180.000000
61.000000
315.000000
279.000000
35.000000
17.000000
157.000000
3.000000
49.000000
285.000000
35.000000
83.000000
304.000000
337.000000
157.000000
361.000000
10.000000
279.000000
305.000000
49.000000
251.000000
35.000000
204.000000
279.000000
290.000000
279.000000
304.000000
3.000000
146.000000
98.000000
299.000000
83.000000
305.000000
96.000000
83.000000
279.000000
35.000000
17.000000
49.000000
92.000000
290.000000
157.000000
317.000000
153.000000
299.000000
304.000000
174.000000
234.000000
87.000000
209.000000
277.000000
359.000000
11.000000
364.000000
35.000000
230.000000
144.000000
11.000000
207.000000
279.000000
291.000000
47.000000
11.000000
251.000000
210.000000
77.000000
207.000000
146.000000
157.000000
68.000000
282.000000
111.000000
68.000000
194.000000
157.000000
35.000000
36.000000
35.000000
102.000000
305.000000
83.000000
304.000000
97.000000
83.000000
250.000000
309.000000
83.000000
35.000000
83.000000
279.000000
150.000000
27.000000
96.000000
108.000000
157.000000
3.000000
61.000000
35.000000
150.000000
282.000000
173.000000
35.000000
35.000000
299.000000
251.000000
56.000000
276.000000
279.000000
215.000000
97.000000
204.000000
209.000000
35.000000
176.000000
17.000000
309.000000
11.000000
92.000000
361.000000
157.000000
68.000000
102.000000
27.000000
279.000000
300.000000
172.000000
299.000000
192.000000
279.000000
11.000000
309.000000
157.000000
118.000000
3.000000
88.000000
276.000000
279.000000
167.000000
108.000000
35.000000
83.000000
157.000000
11.000000
174.000000
280.000000
380.000000
279.000000
102.000000
185.000000
56.000000
108.000000
204.000000
299.000000
11.000000
305.000000
3.000000
102.000000
230.000000
96.000000
31.000000
279.000000
171.000000
279.000000
291.000000
83.000000
279.000000
157.000000
108.000000
279.000000
361.000000
157.000000
305.000000
68.000000
117.000000
117.000000
361.000000
316.000000
165.000000
146.000000
203.000000
35.000000
184.000000
138.000000
250.000000
305.000000
173.000000
70.000000
108.000000
56.000000
87.000000
222.000000
174.000000
9.000000
35.000000
245.000000
299.000000
58.000000
279.000000
11.000000
81.000000
48.000000
331.000000
17.000000
31.000000
11.000000
187.000000
61.000000
7.000000
173.000000
349.000000
187.000000
195.000000
35.000000
207.000000
11.000000
92.000000
266.000000
319.000000
67.000000
150.000000
35.000000
299.000000
14.000000
27.000000
35.000000
56.000000
153.000000
35.000000
222.000000
204.000000
17.000000
146.000000
68.000000
204.000000
77.000000
32.000000
26.000000
361.000000
279.000000
383.000000
17.000000
207.000000
174.000000
319.000000
277.000000
68.000000
102.000000
11.000000
1.000000
70.000000
97.000000
207.000000
49.000000
222.000000
173.000000
171.000000
2.000000
146.000000
173.000000
165.000000
361.000000
146.000000
203.000000
282.000000
326.000000
98.000000
49.000000
1.000000
96.000000
92.000000
157.000000
305.000000
35.000000
56.000000
187.000000
35.000000
2.000000
6.000000
267.000000
117.000000
282.000000
369.000000
204.000000
118.000000
174.000000
14.000000
14.000000
35.000000
96.000000
11.000000
171.000000
222.000000
346.000000
61.000000
180.000000
282.000000
31.000000
35.000000
383.000000
315.000000
172.000000
6.000000
67.000000
146.000000
187.000000
315.000000
35.000000
358.000000
279.000000
305.000000
108.000000
10.000000
92.000000
361.000000
7.000000
346.000000
319.000000
305.000000
174.000000
111.000000
360.000000
174.000000
299.000000
14.000000
206.000000
359.000000
49.000000
43.000000
279.000000
11.000000
102.000000
66.000000
360.000000
311.000000
35.000000
3.000000
102.000000
17.000000
68.000000
222.000000
311.000000
322.000000
223.000000
117.000000
323.000000
11.000000
258.000000
117.000000
337.000000
108.000000
83.000000
171.000000
279.000000
279.000000
204.000000
67.000000
11.000000
315.000000
173.000000
187.000000
364.000000
377.000000
35.000000
2.000000
172.000000
305.000000
49.000000
159.000000
165.000000
279.000000
244.000000
81.000000
209.000000
249.000000
222.000000
174.000000
83.000000
146.000000
157.000000
276.000000
68.000000
139.000000
222.000000
281.000000
327.000000
150.000000
185.000000
327.000000
204.000000
279.000000
383.000000
83.000000
12.000000
49.000000
165.000000
277.000000
361.000000
222.000000
2.000000
369.000000
48.000000
279.000000
17.000000
279.000000
108.000000
14.000000
173.000000
146.000000
299.000000
92.000000
279.000000
83.000000
108.000000
265.000000
35.000000
35.000000
222.000000
96.000000
173.000000
87.000000
83.000000
204.000000
87.000000
299.000000
3.000000
92.000000
11.000000
102.000000
305.000000
38.000000
361.000000
311.000000
176.000000
150.000000
279.000000
35.000000
319.000000
17.000000
83.000000
165.000000
291.000000
361.000000
83.000000
65.000000
98.000000
282.000000
108.000000
266.000000
35.000000
171.000000
238.000000
304.000000
206.000000
83.000000
92.000000
266.000000
266.000000
349.000000
346.000000
360.000000
282.000000
165.000000
331.000000
92.000000
359.000000
282.000000
165.000000
65.000000
96.000000
222.000000
35.000000
35.000000
267.000000
92.000000
204.000000
251.000000
187.000000
290.000000
222.000000
171.000000
14.000000
331.000000
204.000000
248.000000
197.000000
204.000000
49.000000
35.000000
92.000000
230.000000
377.000000
207.000000
108.000000
35.000000
337.000000
305.000000
150.000000
92.000000
35.000000
279.000000
77.000000
204.000000
172.000000
49.000000
267.000000
8.000000
245.000000
207.000000
358.000000
300.000000
207.000000
35.000000
304.000000
27.000000
204.000000
92.000000
150.000000
159.000000
299.000000
167.000000
83.000000
108.000000
102.000000
282.000000
220.000000
181.000000
96.000000
35.000000
265.000000
281.000000
92.000000
176.000000
108.000000
27.000000
309.000000
279.000000
279.000000
226.000000
197.000000
326.000000
265.000000
279.000000
173.000000
87.000000
3.000000
305.000000
299.000000
49.000000
132.000000
279.000000
322.000000
220.000000
226.000000
279.000000
83.000000
68.000000
132.000000
3.000000
250.000000
349.000000
83.000000
35.000000
3.000000
56.000000
310.000000
81.000000
377.000000
35.000000
32.000000
11.000000
35.000000
4.000000
362.000000
167.000000
61.000000
100.000000
159.000000
171.000000
279.000000
349.000000
223.000000
83.000000
184.000000
92.000000
67.000000
157.000000
100.000000
157.000000
65.000000
311.000000
83.000000
81.000000
171.000000
35.000000
299.000000
346.000000
299.000000
157.000000
83.000000
349.000000
251.000000
150.000000
83.000000
11.000000
153.000000
3.000000
319.000000
83.000000
304.000000
279.000000
279.000000
266.000000
35.000000
226.000000
11.000000
1.000000
317.000000
204.000000
3.000000
3.000000
187.000000
97.000000
187.000000
9.000000
68.000000
68.000000
49.000000
68.000000
184.000000
316.000000
83.000000
108.000000
279.000000
35.000000
88.000000
6.000000
83.000000
362.000000
4.000000
223.000000
305.000000
222.000000
361.000000
35.000000
65.000000
92.000000
173.000000
108.000000
35.000000
317.000000
377.000000
165.000000
210.000000
7.000000
309.000000
61.000000
150.000000
67.000000
358.000000
83.000000
35.000000
6.000000
3.000000
250.000000
68.000000
279.000000
279.000000
83.000000
83.000000
69.000000
35.000000
67.000000
192.000000
17.000000
174.000000
83.000000
92.000000
173.000000
98.000000
132.000000
279.000000
157.000000
92.000000
11.000000
117.000000
3.000000
117.000000
68.000000
17.000000
108.000000
349.000000
299.000000
210.000000
248.000000
277.000000
245.000000
87.000000
304.000000
29.000000
279.000000
316.000000
186.000000
279.000000
157.000000
315.000000
157.000000
61.000000
363.000000
207.000000
226.000000
282.000000
83.000000
2.000000
279.000000
222.000000
180.000000
49.000000
83.000000
299.000000
47.000000
117.000000
146.000000
305.000000
234.000000
2.000000
49.000000
207.000000
65.000000
362.000000
279.000000
157.000000
100.000000
35.000000
35.000000
108.000000
383.000000
11.000000
92.000000
310.000000
156.000000
6.000000
65.000000
337.000000
209.000000
173.000000
3.000000
299.000000
150.000000
111.000000
266.000000
92.000000
279.000000
173.000000
108.000000
146.000000
27.000000
167.000000
11.000000
81.000000
279.000000
102.000000
92.000000
204.000000
153.000000
204.000000
68.000000
204.000000
266.000000
337.000000
361.000000
108.000000
7.000000
83.000000
97.000000
36.000000
12.000000
35.000000
305.000000
299.000000
67.000000
299.000000
173.000000
1.000000
282.000000
83.000000
83.000000
92.000000
7.000000
176.000000
319.000000
157.000000
83.000000
171.000000
65.000000
96.000000
279.000000
319.000000
279.000000
49.000000
171.000000
173.000000
150.000000
383.000000
322.000000
209.000000
248.000000
337.000000
96.000000
11.000000
35.000000
174.000000
17.000000
304.000000
305.000000
174.000000
49.000000
279.000000
108.000000
358.000000
171.000000
269.000000
150.000000
279.000000
279.000000
277.000000
290.000000
83.000000
83.000000
279.000000
157.000000
68.000000
383.000000
304.000000
157.000000
377.000000
83.000000
27.000000
174.000000
102.000000
3.000000
279.000000
199.000000
171.000000
6.000000
337.000000
315.000000
358.000000
174.000000
11.000000
171.000000
174.000000
282.000000
281.000000
203.000000
35.000000
36.000000
3.000000
9.000000
117.000000
150.000000
144.000000
358.000000
299.000000
251.000000
35.000000
171.000000
68.000000
11.000000
108.000000
305.000000
6.000000
299.000000
144.000000
6.000000
311.000000
266.000000
40.000000
251.000000
146.000000
35.000000
327.000000
14.000000
299.000000
17.000000
215.000000
61.000000
6.000000
6.000000
83.000000
173.000000
83.000000
282.000000
27.000000
240.000000
49.000000
48.000000
69.000000
337.000000
279.000000
226.000000
108.000000
150.000000
62.000000
156.000000
150.000000
279.000000
144.000000
362.000000
124.000000
173.000000
300.000000
187.000000
299.000000
87.000000
290.000000
279.000000
150.000000
150.000000
383.000000
35.000000
83.000000
139.000000
223.000000
210.000000
360.000000
108.000000
194.000000
165.000000
279.000000
6.000000
10.000000
35.000000
222.000000
260.000000
69.000000
290.000000
165.000000
349.000000
362.000000
68.000000
83.000000
323.000000
165.000000
323.000000
279.000000
10.000000
290.000000
83.000000
96.000000
194.000000
167.000000
3.000000
27.000000
251.000000
100.000000
157.000000
6.000000
35.000000
69.000000
11.000000
197.000000
251.000000
165.000000
383.000000
282.000000
174.000000
180.000000
207.000000
279.000000
204.000000
360.000000
349.000000
207.000000
279.000000
7.000000
49.000000
304.000000
279.000000
279.000000
277.000000
187.000000
204.000000
165.000000
279.000000
27.000000
108.000000
17.000000
83.000000
159.000000
279.000000
92.000000
222.000000
1.000000
171.000000
56.000000
173.000000
310.000000
132.000000
92.000000
361.000000
83.000000
27.000000
150.000000
92.000000
35.000000
146.000000
102.000000
307.000000
327.000000
83.000000
108.000000
165.000000
156.000000
299.000000
361.000000
282.000000
299.000000
32.000000
310.000000
360.000000
174.000000
67.000000
108.000000
279.000000
35.000000
165.000000
150.000000
266.000000
11.000000
323.000000
309.000000
173.000000
290.000000
117.000000
299.000000
244.000000
7.000000
4.000000
279.000000
300.000000
282.000000
6.000000
35.000000
51.000000
174.000000
35.000000
199.000000
279.000000
173.000000
204.000000
279.000000
6.000000
83.000000
349.000000
56.000000
35.000000
17.000000
234.000000
68.000000
83.000000
83.000000
102.000000
364.000000
2.000000
167.000000
280.000000
279.000000
27.000000
279.000000
165.000000
102.000000
138.000000
299.000000
35.000000
210.000000
83.000000
279.000000
83.000000
279.000000
377.000000
266.000000
251.000000
125.000000
165.000000
311.000000
360.000000
87.000000
27.000000
230.000000
35.000000
11.000000
358.000000
49.000000
146.000000
70.000000
244.000000
83.000000
346.000000
327.000000
357.000000
35.000000
35.000000
337.000000
279.000000
279.000000
1.000000
279.000000
311.000000
83.000000
279.000000
27.000000
150.000000
150.000000
337.000000
49.000000
282.000000
150.000000
337.000000
315.000000
83.000000
35.000000
27.000000
150.000000
266.000000
377.000000
3.000000
315.000000
305.000000
277.000000
83.000000
266.000000
204.000000
83.000000
146.000000
222.000000
56.000000
311.000000
202.000000
379.000000
180.000000
35.000000
1.000000
279.000000
251.000000
32.000000
157.000000
349.000000
360.000000
35.000000
319.000000
277.000000
223.000000
11.000000
279.000000
35.000000
77.000000
67.000000
279.000000
35.000000
68.000000
282.000000
360.000000
290.000000
36.000000
244.000000
222.000000
204.000000
35.000000
108.000000
1.000000
157.000000
266.000000
364.000000
31.000000
207.000000
282.000000
35.000000
1.000000
230.000000
117.000000
157.000000
159.000000
157.000000
3.000000
299.000000
349.000000
83.000000
77.000000
311.000000
299.000000
3.000000
157.000000
245.000000
83.000000
150.000000
117.000000
157.000000
102.000000
222.000000
361.000000
102.000000
210.000000
75.000000
304.000000
31.000000
83.000000
150.000000
6.000000
117.000000
35.000000
35.000000
173.000000
35.000000
319.000000
97.000000
174.000000
337.000000
146.000000
337.000000
251.000000
358.000000
88.000000
302.000000
153.000000
280.000000
87.000000
251.000000
1.000000
6.000000
197.000000
165.000000
209.000000
2.000000
35.000000
299.000000
279.000000
108.000000
165.000000
210.000000
250.000000
139.000000
171.000000
251.000000
279.000000
35.000000
279.000000
6.000000
171.000000
150.000000
279.000000
35.000000
204.000000
349.000000
358.000000
3.000000
184.000000
171.000000
299.000000
31.000000
83.000000
223.000000
185.000000
83.000000
300.000000
279.000000
108.000000
150.000000
35.000000
364.000000
27.000000
305.000000
150.000000
146.000000
309.000000
305.000000
279.000000
279.000000
41.000000
279.000000
88.000000
35.000000
304.000000
279.000000
31.000000
92.000000
102.000000
165.000000
139.000000
277.000000
267.000000
174.000000
244.000000
83.000000
167.000000
173.000000
231.000000
305.000000
187.000000
377.000000
108.000000
108.000000
83.000000
173.000000
48.000000
346.000000
98.000000
3.000000
2.000000
176.000000
322.000000
87.000000
197.000000
49.000000
165.000000
204.000000
7.000000
11.000000
307.000000
279.000000
88.000000
35.000000
17.000000
43.000000
35.000000
279.000000
111.000000
35.000000
27.000000
251.000000
310.000000
31.000000
68.000000
144.000000
282.000000
157.000000
17.000000
282.000000
61.000000
1.000000
68.000000
192.000000
146.000000
46.000000
157.000000
279.000000
14.000000
323.000000
35.000000
35.000000
61.000000
36.000000
83.000000
180.000000
11.000000
346.000000
197.000000
279.000000
383.000000
167.000000
3.000000
277.000000
6.000000
35.000000
83.000000
299.000000
187.000000
349.000000
181.000000
35.000000
35.000000
1.000000
323.000000
277.000000
11.000000
2.000000
279.000000
35.000000
2.000000
83.000000
337.000000
173.000000
144.000000
279.000000
349.000000
165.000000
35.000000
35.000000
319.000000
68.000000
222.000000
14.000000
87.000000
92.000000
192.000000
61.000000
83.000000
173.000000
174.000000
92.000000
304.000000
1.000000
102.000000
7.000000
291.000000
280.000000
35.000000
1.000000
1.000000
279.000000
150.000000
83.000000
83.000000
349.000000
207.000000
27.000000
83.000000
150.000000
279.000000
35.000000
282.000000
331.000000
222.000000
180.000000
300.000000
65.000000
150.000000
49.000000
92.000000
310.000000
322.000000
157.000000
187.000000
279.000000
362.000000
102.000000
98.000000
35.000000
17.000000
311.000000
207.000000
279.000000
83.000000
69.000000
3.000000
167.000000
192.000000
35.000000
83.000000
11.000000
361.000000
146.000000
167.000000
117.000000
108.000000
8.000000
279.000000
326.000000
181.000000
83.000000
337.000000
157.000000
6.000000
173.000000
282.000000
116.000000
194.000000
222.000000
35.000000
98.000000
279.000000
144.000000
327.000000
7.000000
6.000000
68.000000
165.000000
266.000000
6.000000
299.000000
375.000000
327.000000
358.000000
108.000000
360.000000
174.000000
83.000000
146.000000
279.000000
68.000000
83.000000
277.000000
337.000000
279.000000
266.000000
35.000000
317.000000
358.000000
83.000000
98.000000
172.000000
315.000000
49.000000
35.000000
337.000000
3.000000
279.000000
150.000000
290.000000
92.000000
279.000000
317.000000
14.000000
222.000000
1.000000
150.000000
108.000000
358.000000
75.000000
174.000000
11.000000
49.000000
267.000000
146.000000
220.000000
61.000000
157.000000
223.000000
6.000000
159.000000
118.000000
17.000000
305.000000
100.000000
361.000000
180.000000
146.000000
11.000000
266.000000
159.000000
326.000000
83.000000
204.000000
226.000000
83.000000
146.000000
279.000000
157.000000
226.000000
146.000000
309.000000
65.000000
6.000000
265.000000
300.000000
83.000000
35.000000
49.000000
47.000000
299.000000
316.000000
199.000000
65.000000
111.000000
35.000000
87.000000
279.000000
6.000000
326.000000
299.000000
269.000000
146.000000
279.000000
49.000000
282.000000
279.000000
249.000000
83.000000
358.000000
184.000000
251.000000
51.000000
146.000000
240.000000
377.000000
118.000000
139.000000
61.000000
61.000000
173.000000
1.000000
361.000000
174.000000
83.000000
139.000000
184.000000
326.000000
215.000000
210.000000
173.000000
14.000000
56.000000
299.000000
83.000000
309.000000
234.000000
222.000000
56.000000
108.000000
279.000000
83.000000
65.000000
146.000000
67.000000
279.000000
184.000000
358.000000
17.000000
279.000000
204.000000
35.000000
108.000000
83.000000
364.000000
228.000000
49.000000
310.000000
305.000000
279.000000
116.000000
279.000000
266.000000
299.000000
150.000000
220.000000
14.000000
277.000000
322.000000
159.000000
279.000000
81.000000
244.000000
279.000000
108.000000
92.000000
68.000000
185.000000
100.000000
117.000000
199.000000
326.000000
319.000000
279.000000
279.000000
14.000000
156.000000
244.000000
187.000000
290.000000
157.000000
204.000000
36.000000
139.000000
153.000000
153.000000
83.000000
173.000000
83.000000
83.000000
266.000000
279.000000
222.000000
97.000000
377.000000
285.000000
174.000000
172.000000
7.000000
379.000000
265.000000
27.000000
167.000000
192.000000
49.000000
96.000000
65.000000
150.000000
204.000000
279.000000
305.000000
150.000000
35.000000
311.000000
3.000000
226.000000
358.000000
187.000000
241.000000
186.000000
157.000000
197.000000
327.000000
265.000000
260.000000
173.000000
305.000000
6.000000
157.000000
157.000000
326.000000
83.000000
102.000000
279.000000
83.000000
67.000000
102.000000
117.000000
165.000000
364.000000
6.000000
226.000000
362.000000
187.000000
204.000000
36.000000
85.000000
68.000000
222.000000
12.000000
49.000000
139.000000
83.000000
2.000000
299.000000
299.000000
299.000000
277.000000
117.000000
108.000000
250.000000
27.000000
65.000000
204.000000
6.000000
40.000000
116.000000
361.000000
204.000000
279.000000
176.000000
266.000000
6.000000
207.000000
279.000000
279.000000
6.000000
83.000000
311.000000
290.000000
35.000000
146.000000
226.000000
92.000000
102.000000
282.000000
49.000000
150.000000
1.000000
323.000000
35.000000
181.000000
150.000000
300.000000
206.000000
35.000000
279.000000
165.000000
187.000000
364.000000
279.000000
279.000000
204.000000
349.000000
35.000000
290.000000
279.000000
92.000000
100.000000
187.000000
83.000000
48.000000
282.000000
150.000000
187.000000
223.000000
194.000000
7.000000
35.000000
17.000000
150.000000
304.000000
83.000000
204.000000
173.000000
96.000000
49.000000
83.000000
174.000000
279.000000
310.000000
299.000000
173.000000
68.000000
118.000000
174.000000
279.000000
10.000000
67.000000
279.000000
35.000000
35.000000
11.000000
157.000000
81.000000
118.000000
118.000000
299.000000
305.000000
165.000000
265.000000
337.000000
187.000000
323.000000
49.000000
279.000000
203.000000
279.000000
185.000000
322.000000
204.000000
157.000000
92.000000
174.000000
31.000000
192.000000
326.000000
305.000000
279.000000
279.000000
337.000000
305.000000
40.000000
83.000000
360.000000
87.000000
12.000000
226.000000
266.000000
3.000000
35.000000
35.000000
299.000000
279.000000
83.000000
146.000000
150.000000
167.000000
6.000000
9.000000
165.000000
251.000000
11.000000
83.000000
157.000000
304.000000
222.000000
83.000000
204.000000
35.000000
174.000000
331.000000
87.000000
279.000000
6.000000
1.000000
250.000000
35.000000
204.000000
279.000000
1.000000
167.000000
83.000000
35.000000
204.000000
207.000000
157.000000
207.000000
305.000000
56.000000
173.000000
6.000000
157.000000
157.000000
299.000000
157.000000
68.000000
49.000000
299.000000
146.000000
305.000000
187.000000
279.000000
167.000000
83.000000
207.000000
35.000000
251.000000
150.000000
167.000000
87.000000
351.000000
6.000000
346.000000
187.000000
364.000000
187.000000
377.000000
43.000000
49.000000
222.000000
305.000000
3.000000
3.000000
11.000000
207.000000
150.000000
319.000000
69.000000
290.000000
67.000000
17.000000
279.000000
377.000000
305.000000
157.000000
35.000000
1.000000
3.000000
102.000000
83.000000
7.000000
139.000000
49.000000
35.000000
117.000000
165.000000
197.000000
35.000000
380.000000
315.000000
290.000000
173.000000
157.000000
146.000000
83.000000
305.000000
67.000000
187.000000
279.000000
43.000000
111.000000
102.000000
309.000000
279.000000
266.000000
248.000000
35.000000
349.000000
248.000000
282.000000
222.000000
157.000000
35.000000
279.000000
4.000000
203.000000
203.000000
92.000000
364.000000
83.000000
316.000000
230.000000
2.000000
35.000000
150.000000
150.000000
265.000000
279.000000
187.000000
87.000000
281.000000
326.000000
35.000000
349.000000
331.000000
83.000000
1.000000
49.000000
222.000000
83.000000
83.000000
362.000000
83.000000
377.000000
146.000000
187.000000
157.000000
157.000000
56.000000
222.000000
35.000000
226.000000
349.000000
150.000000
249.000000
167.000000
116.000000
358.000000
67.000000
92.000000
165.000000
279.000000
251.000000
304.000000
35.000000
173.000000
180.000000
87.000000
159.000000
35.000000
337.000000
226.000000
156.000000
279.000000
111.000000
279.000000
322.000000
282.000000
279.000000
11.000000
171.000000
6.000000
98.000000
83.000000
171.000000
304.000000
8.000000
383.000000
346.000000
35.000000
97.000000
207.000000
279.000000
358.000000
363.000000
266.000000
187.000000
83.000000
157.000000
220.000000
146.000000
11.000000
68.000000
327.000000
1.000000
279.000000
61.000000
319.000000
282.000000
150.000000
83.000000
70.000000
167.000000
282.000000
61.000000
305.000000
77.000000
230.000000
102.000000
299.000000
362.000000
187.000000
299.000000
11.000000
281.000000
176.000000
146.000000
245.000000
49.000000
153.000000
207.000000
222.000000
117.000000
250.000000
61.000000
167.000000
361.000000
304.000000
358.000000
35.000000
49.000000
194.000000
299.000000
304.000000
2.000000
98.000000
11.000000
102.000000
35.000000
349.000000
150.000000
11.000000
299.000000
83.000000
27.000000
102.000000
279.000000
3.000000
279.000000
139.000000
67.000000
184.000000
279.000000
299.000000
207.000000
6.000000
346.000000
49.000000
279.000000
6.000000
379.000000
117.000000
35.000000
87.000000
35.000000
230.000000
349.000000
364.000000
174.000000
157.000000
346.000000
83.000000
49.000000
349.000000
83.000000
304.000000
11.000000
108.000000
157.000000
83.000000
1.000000
362.000000
194.000000
68.000000
62.000000
150.000000
92.000000
2.000000
35.000000
87.000000
379.000000
98.000000
279.000000
88.000000
17.000000
3.000000
185.000000
2.000000
6.000000
83.000000
35.000000
315.000000
83.000000
83.000000
7.000000
11.000000
279.000000
266.000000
360.000000
279.000000
138.000000
56.000000
171.000000
290.000000
14.000000
279.000000
117.000000
49.000000
279.000000
337.000000
124.000000
299.000000
11.000000
132.000000
346.000000
69.000000
173.000000
174.000000
279.000000
173.000000
36.000000
159.000000
383.000000
61.000000
83.000000
319.000000
220.000000
279.000000
194.000000
150.000000
223.000000
11.000000
204.000000
2.000000
108.000000
282.000000
61.000000
346.000000
279.000000
322.000000
35.000000
290.000000
165.000000
56.000000
309.000000
337.000000
279.000000
98.000000
207.000000
279.000000
83.000000
49.000000
279.000000
56.000000
307.000000
222.000000
316.000000
305.000000
124.000000
77.000000
150.000000
10.000000
11.000000
35.000000
6.000000
83.000000
230.000000
173.000000
100.000000
11.000000
11.000000
358.000000
279.000000
167.000000
35.000000
92.000000
118.000000
157.000000
337.000000
97.000000
35.000000
364.000000
65.000000
83.000000
150.000000
282.000000
35.000000
346.000000
309.000000
3.000000
68.000000
65.000000
35.000000
2.000000
279.000000
83.000000
319.000000
6.000000
249.000000
157.000000
279.000000
279.000000
83.000000
49.000000
6.000000
83.000000
69.000000
322.000000
138.000000
83.000000
358.000000
87.000000
83.000000
380.000000
346.000000
291.000000
171.000000
157.000000
35.000000
349.000000
6.000000
3.000000
11.000000
383.000000
251.000000
251.000000
83.000000
166.000000
358.000000
223.000000
277.000000
326.000000
174.000000
299.000000
92.000000
279.000000
349.000000
240.000000
35.000000
14.000000
383.000000
49.000000
49.000000
173.000000
204.000000
83.000000
27.000000
88.000000
199.000000
77.000000
174.000000
206.000000
150.000000
92.000000
185.000000
49.000000
305.000000
27.000000
361.000000
108.000000
176.000000
260.000000
279.000000
12.000000
187.000000
383.000000
100.000000
194.000000
277.000000
157.000000
197.000000
83.000000
174.000000
118.000000
70.000000
194.000000
245.000000
83.000000
102.000000
309.000000
153.000000
207.000000
102.000000
70.000000
349.000000
299.000000
150.000000
83.000000
322.000000
102.000000
360.000000
266.000000
156.000000
11.000000
279.000000
102.000000
6.000000
258.000000
100.000000
204.000000
4.000000
317.000000
3.000000
92.000000
277.000000
173.000000
187.000000
361.000000
11.000000
150.000000
349.000000
315.000000
157.000000
305.000000
250.000000
226.000000
83.000000
108.000000
197.000000
102.000000
174.000000
4.000000
361.000000
358.000000
377.000000
299.000000
351.000000
377.000000
139.000000
187.000000
187.000000
98.000000
277.000000
226.000000
48.000000
222.000000
234.000000
265.000000
360.000000
3.000000
35.000000
11.000000
317.000000
167.000000
48.000000
279.000000
279.000000
279.000000
204.000000
171.000000
204.000000
173.000000
250.000000
337.000000
35.000000
153.000000
35.000000
215.000000
349.000000
266.000000
349.000000
171.000000
92.000000
11.000000
210.000000
3.000000
7.000000
35.000000
124.000000
108.000000
187.000000
222.000000
299.000000
92.000000
102.000000
290.000000
349.000000
349.000000
266.000000
83.000000
68.000000
279.000000
68.000000
35.000000
204.000000
157.000000
351.000000
35.000000
117.000000
11.000000
203.000000
11.000000
226.000000
35.000000
35.000000
83.000000
251.000000
108.000000
282.000000
234.000000
49.000000
299.000000
187.000000
150.000000
165.000000
83.000000
337.000000
4.000000
309.000000
68.000000
157.000000
100.000000
192.000000
245.000000
6.000000
92.000000
304.000000
75.000000
35.000000
10.000000
36.000000
299.000000
157.000000
279.000000
139.000000
83.000000
118.000000
27.000000
173.000000
108.000000
279.000000
174.000000
266.000000
204.000000
279.000000
150.000000
49.000000
300.000000
65.000000
222.000000
299.000000
337.000000
139.000000
35.000000
282.000000
337.000000
138.000000
207.000000
49.000000
204.000000
2.000000
279.000000
67.000000
56.000000
157.000000
157.000000
279.000000
299.000000
146.000000
215.000000
35.000000
157.000000
35.000000
245.000000
11.000000
36.000000
337.000000
7.000000
173.000000
83.000000
279.000000
279.000000
6.000000
4.000000
68.000000
172.000000
68.000000
279.000000
187.000000
360.000000
35.000000
266.000000
35.000000
251.000000
245.000000
383.000000
92.000000
35.000000
83.000000
359.000000
299.000000
102.000000
207.000000
184.000000
68.000000
337.000000
83.000000
35.000000
174.000000
92.000000
279.000000
299.000000
97.000000
165.000000
92.000000
150.000000
282.000000
27.000000
304.000000
181.000000
346.000000
266.000000
230.000000
304.000000
315.000000
108.000000
351.000000
351.000000
244.000000
197.000000
157.000000
108.000000
279.000000
337.000000
108.000000
374.000000
3.000000
35.000000
83.000000
11.000000
6.000000
100.000000
279.000000
315.000000
204.000000
291.000000
83.000000
222.000000
3.000000
12.000000
176.000000
157.000000
304.000000
92.000000
279.000000
279.000000
49.000000
2.000000
6.000000
299.000000
167.000000
108.000000
92.000000
153.000000
305.000000
194.000000
174.000000
167.000000
305.000000
199.000000
83.000000
96.000000
279.000000
231.000000
49.000000
204.000000
62.000000
360.000000
222.000000
230.000000
172.000000
266.000000
279.000000
146.000000
150.000000
83.000000
7.000000
146.000000
157.000000
7.000000
2.000000
307.000000
97.000000
279.000000
35.000000
1.000000
11.000000
102.000000
10.000000
167.000000
35.000000
172.000000
204.000000
11.000000
3.000000
157.000000
304.000000
11.000000
83.000000
11.000000
204.000000
144.000000
117.000000
279.000000
203.000000
310.000000
11.000000
279.000000
35.000000
280.000000
14.000000
61.000000
173.000000
35.000000
174.000000
157.000000
11.000000
102.000000
108.000000
68.000000
35.000000
279.000000
228.000000
31.000000
97.000000
299.000000
174.000000
150.000000
35.000000
102.000000
150.000000
383.000000
226.000000
176.000000
35.000000
6.000000
309.000000
35.000000
299.000000
279.000000
27.000000
346.000000
35.000000
65.000000
197.000000
231.000000
181.000000
279.000000
3.000000
157.000000
157.000000
279.000000
337.000000
3.000000
17.000000
92.000000
17.000000
282.000000
337.000000
305.000000
153.000000
240.000000
187.000000
157.000000
181.000000
31.000000
17.000000
6.000000
11.000000
361.000000
83.000000
337.000000
215.000000
150.000000
279.000000
222.000000
3.000000
279.000000
83.000000
234.000000
291.000000
279.000000
326.000000
279.000000
279.000000
150.000000
290.000000
337.000000
49.000000
88.000000
6.000000
92.000000
108.000000
187.000000
165.000000
11.000000
27.000000
337.000000
222.000000
17.000000
299.000000
35.000000
305.000000
35.000000
337.000000
83.000000
248.000000
322.000000
83.000000
108.000000
349.000000
315.000000
299.000000
146.000000
35.000000
96.000000
132.000000
206.000000
83.000000
322.000000
277.000000
150.000000
83.000000
222.000000
68.000000
111.000000
87.000000
35.000000
358.000000
156.000000
49.000000
7.000000
277.000000
279.000000
194.000000
92.000000
310.000000
11.000000
92.000000
2.000000
7.000000
3.000000
279.000000
222.000000
77.000000
248.000000
251.000000
157.000000
279.000000
17.000000
83.000000
87.000000
35.000000
203.000000
35.000000
2.000000
61.000000
187.000000
83.000000
361.000000
299.000000
83.000000
171.000000
68.000000
35.000000
167.000000
32.000000
251.000000
132.000000
35.000000
309.000000
185.000000
299.000000
251.000000
96.000000
282.000000
222.000000
70.000000
377.000000
108.000000
153.000000
317.000000
226.000000
139.000000
157.000000
337.000000
309.000000
304.000000
11.000000
68.000000
102.000000
359.000000
279.000000
361.000000
251.000000
346.000000
173.000000
83.000000
11.000000
138.000000
56.000000
38.000000
279.000000
174.000000
337.000000
279.000000
165.000000
56.000000
35.000000
150.000000
92.000000
187.000000
102.000000
199.000000
226.000000
346.000000
35.000000
83.000000
290.000000
279.000000
204.000000
4.000000
299.000000
92.000000
360.000000
167.000000
279.000000
364.000000
346.000000
146.000000
322.000000
299.000000
203.000000
346.000000
174.000000
309.000000
305.000000
279.000000
102.000000
7.000000
100.000000
322.000000
279.000000
65.000000
150.000000
146.000000
1.000000
14.000000
279.000000
12.000000
159.000000
27.000000
310.000000
102.000000
279.000000
100.000000
204.000000
11.000000
319.000000
360.000000
108.000000
3.000000
102.000000
360.000000
383.000000
17.000000
299.000000
309.000000
117.000000
230.000000
68.000000
279.000000
67.000000
279.000000
35.000000
337.000000
35.000000
315.000000
35.000000
207.000000
181.000000
346.000000
279.000000
184.000000
337.000000
35.000000
204.000000
87.000000
279.000000
222.000000
35.000000
35.000000
3.000000
279.000000
150.000000
184.000000
11.000000
279.000000
35.000000
146.000000
11.000000
358.000000
67.000000
83.000000
362.000000
361.000000
173.000000
6.000000
87.000000
3.000000
173.000000
266.000000
92.000000
3.000000
27.000000
35.000000
279.000000
290.000000
83.000000
139.000000
226.000000
157.000000
222.000000
83.000000
92.000000
319.000000
279.000000
1.000000
173.000000
204.000000
27.000000
97.000000
35.000000
56.000000
49.000000
266.000000
377.000000
41.000000
279.000000
228.000000
92.000000
83.000000
68.000000
349.000000
83.000000
100.000000
146.000000
290.000000
282.000000
204.000000
157.000000
299.000000
83.000000
92.000000
4.000000
346.000000
6.000000
210.000000
27.000000
251.000000
138.000000
6.000000
65.000000
226.000000
180.000000
157.000000
68.000000
337.000000
305.000000
279.000000
380.000000
139.000000
363.000000
35.000000
35.000000
251.000000
265.000000
222.000000
117.000000
150.000000
102.000000
108.000000
157.000000
36.000000
250.000000
87.000000
67.000000
35.000000
108.000000
167.000000
223.000000
279.000000
3.000000
346.000000
362.000000
173.000000
265.000000
174.000000
165.000000
117.000000
88.000000
323.000000
144.000000
222.000000
266.000000
167.000000
150.000000
81.000000
116.000000
304.000000
279.000000
146.000000
96.000000
35.000000
210.000000
83.000000
250.000000
7.000000
92.000000
304.000000
304.000000
49.000000
222.000000
180.000000
157.000000
83.000000
117.000000
146.000000
226.000000
316.000000
279.000000
3.000000
279.000000
187.000000
35.000000
277.000000
249.000000
124.000000
279.000000
157.000000
146.000000
6.000000
276.000000
187.000000
153.000000
27.000000
2.000000
56.000000
35.000000
309.000000
35.000000
210.000000
27.000000
49.000000
299.000000
279.000000
35.000000
61.000000
282.000000
204.000000
203.000000
192.000000
96.000000
108.000000
265.000000
187.000000
68.000000
176.000000
1.000000
67.000000
185.000000
35.000000
279.000000
35.000000
100.000000
46.000000
279.000000
3.000000
290.000000
187.000000
4.000000
27.000000
35.000000
146.000000
17.000000
35.000000
61.000000
279.000000
11.000000
279.000000
326.000000
102.000000
279.000000
222.000000
171.000000
1.000000
2.000000
207.000000
279.000000
68.000000
265.000000
291.000000
383.000000
222.000000
68.000000
83.000000
299.000000
349.000000
83.000000
174.000000
98.000000
187.000000
2.000000
311.000000
165.000000
92.000000
150.000000
171.000000
35.000000
35.000000
139.000000
266.000000
35.000000
11.000000
206.000000
124.000000
210.000000
83.000000
77.000000
305.000000
305.000000
6.000000
1.000000
139.000000
11.000000
1.000000
165.000000
203.000000
222.000000
102.000000
35.000000
206.000000
174.000000
92.000000
49.000000
48.000000
36.000000
326.000000
102.000000
83.000000
35.000000
361.000000
35.000000
279.000000
83.000000
337.000000
69.000000
111.000000
300.000000
167.000000
83.000000
282.000000
35.000000
167.000000
83.000000
250.000000
249.000000
349.000000
102.000000
83.000000
68.000000
222.000000
228.000000
65.000000
157.000000
153.000000
68.000000
35.000000
77.000000
47.000000
68.000000
138.000000
234.000000
187.000000
383.000000
65.000000
174.000000
87.000000
279.000000
337.000000
251.000000
87.000000
187.000000
299.000000
279.000000
282.000000
299.000000
127.000000
56.000000
279.000000
81.000000
57.000000
35.000000
304.000000
171.000000
87.000000
315.000000
83.000000
359.000000
349.000000
108.000000
146.000000
32.000000
323.000000
299.000000
83.000000
360.000000
279.000000
92.000000
67.000000
319.000000
265.000000
346.000000
150.000000
150.000000
174.000000
11.000000
187.000000
222.000000
27.000000
299.000000
349.000000
299.000000
35.000000
304.000000
157.000000
27.000000
48.000000
210.000000
49.000000
203.000000
279.000000
165.000000
250.000000
49.000000
309.000000
153.000000
322.000000
67.000000
49.000000
184.000000
299.000000
319.000000
204.000000
276.000000
65.000000
56.000000
102.000000
117.000000
299.000000
88.000000
102.000000
150.000000
157.000000
102.000000
35.000000
92.000000
174.000000
209.000000
346.000000
48.000000
14.000000
35.000000
35.000000
187.000000
157.000000
97.000000
157.000000
250.000000
92.000000
187.000000
3.000000
291.000000
87.000000
56.000000
250.000000
87.000000
146.000000
337.000000
35.000000
279.000000
174.000000
176.000000
144.000000
83.000000
346.000000
83.000000
7.000000
377.000000
3.000000
150.000000
102.000000
265.000000
68.000000
157.000000
304.000000
87.000000
222.000000
83.000000
346.000000
357.000000
207.000000
279.000000
157.000000
35.000000
291.000000
204.000000
171.000000
319.000000
146.000000
108.000000
1.000000
346.000000
83.000000
83.000000
87.000000
244.000000
319.000000
187.000000
285.000000
315.000000
68.000000
83.000000
144.000000
102.000000
77.000000
83.000000
282.000000
83.000000
35.000000
204.000000
222.000000
180.000000
173.000000
379.000000
3.000000
6.000000
310.000000
207.000000
102.000000
83.000000
65.000000
299.000000
172.000000
83.000000
279.000000
307.000000
315.000000
251.000000
167.000000
3.000000
279.000000
49.000000
360.000000
319.000000
305.000000
383.000000
153.000000
269.000000
279.000000
204.000000
203.000000
157.000000
326.000000
49.000000
68.000000
377.000000
62.000000
222.000000
187.000000
35.000000
68.000000
226.000000
65.000000
87.000000
231.000000
96.000000
6.000000
279.000000
187.000000
250.000000
68.000000
279.000000
27.000000
56.000000
187.000000
226.000000
173.000000
377.000000
250.000000
279.000000
238.000000
35.000000
364.000000
6.000000
157.000000
146.000000
1.000000
6.000000
87.000000
27.000000
108.000000
300.000000
159.000000
1.000000
180.000000
279.000000
6.000000
81.000000
83.000000
279.000000
346.000000
304.000000
346.000000
49.000000
117.000000
11.000000
346.000000
49.000000
3.000000
83.000000
157.000000
222.000000
305.000000
14.000000
146.000000
171.000000
279.000000
96.000000
102.000000
279.000000
17.000000
83.000000
6.000000
35.000000
279.000000
83.000000
310.000000
185.000000
35.000000
337.000000
3.000000
35.000000
326.000000
35.000000
12.000000
10.000000
204.000000
279.000000
83.000000
203.000000
92.000000
6.000000
111.000000
35.000000
311.000000
362.000000
150.000000
279.000000
4.000000
81.000000
277.000000
299.000000
159.000000
6.000000
349.000000
100.000000
222.000000
361.000000
11.000000
226.000000
245.000000
349.000000
305.000000
171.000000
279.000000
83.000000
165.000000
49.000000
157.000000
35.000000
279.000000
174.000000
27.000000
17.000000
222.000000
61.000000
173.000000
309.000000
226.000000
35.000000
144.000000
146.000000
146.000000
7.000000
299.000000
92.000000
383.000000
11.000000
165.000000
117.000000
96.000000
1.000000
173.000000
35.000000
174.000000
87.000000
7.000000
35.000000
11.000000
358.000000
6.000000
11.000000
375.000000
68.000000
279.000000
250.000000
305.000000
83.000000
11.000000
299.000000
35.000000
88.000000
279.000000
35.000000
173.000000
199.000000
7.000000
171.000000
1.000000
279.000000
315.000000
362.000000
146.000000
108.000000
11.000000
204.000000
35.000000
299.000000
117.000000
68.000000
108.000000
3.000000
185.000000
181.000000
92.000000
157.000000
299.000000
35.000000
83.000000
172.000000
83.000000
282.000000
83.000000
157.000000
75.000000
35.000000
35.000000
132.000000
187.000000
35.000000
165.000000
346.000000
204.000000
35.000000
279.000000
331.000000
32.000000
102.000000
153.000000
150.000000
309.000000
279.000000
117.000000
11.000000
102.000000
27.000000
27.000000
2.000000
150.000000
279.000000
117.000000
97.000000
111.000000
207.000000
346.000000
92.000000
92.000000
4.000000
150.000000
102.000000
176.000000
279.000000
150.000000
11.000000
361.000000
337.000000
322.000000
346.000000
87.000000
375.000000
165.000000
108.000000
124.000000
265.000000
174.000000
49.000000
174.000000
187.000000
172.000000
14.000000
17.000000
157.000000
157.000000
150.000000
36.000000
96.000000
174.000000
108.000000
157.000000
157.000000
68.000000
117.000000
349.000000
171.000000
226.000000
11.000000
117.000000
244.000000
250.000000
279.000000
87.000000
279.000000
27.000000
117.000000
209.000000
11.000000
331.000000
35.000000
337.000000
265.000000
92.000000
299.000000
83.000000
6.000000
299.000000
36.000000
173.000000
81.000000
98.000000
279.000000
146.000000
277.000000
204.000000
377.000000
35.000000
3.000000
83.000000
165.000000
279.000000
58.000000
265.000000
83.000000
165.000000
279.000000
77.000000
167.000000
92.000000
326.000000
280.000000
315.000000
100.000000
49.000000
349.000000
305.000000
68.000000
87.000000
187.000000
146.000000
65.000000
207.000000
279.000000
337.000000
118.000000
299.000000
222.000000
165.000000
279.000000
165.000000
7.000000
157.000000
56.000000
108.000000
92.000000
157.000000
108.000000
204.000000
11.000000
305.000000
98.000000
17.000000
132.000000
277.000000
11.000000
299.000000
69.000000
337.000000
83.000000
102.000000
279.000000
83.000000
309.000000
14.000000
282.000000
358.000000
174.000000
299.000000
88.000000
315.000000
173.000000
222.000000
35.000000
49.000000
83.000000
279.000000
322.000000
331.000000
173.000000
68.000000
173.000000
165.000000
290.000000
279.000000
3.000000
349.000000
146.000000
207.000000
349.000000
81.000000
61.000000
226.000000
199.000000
146.000000
83.000000
83.000000
167.000000
11.000000
174.000000
361.000000
102.000000
279.000000
173.000000
311.000000
299.000000
3.000000
327.000000
174.000000
349.000000
203.000000
14.000000
150.000000
241.000000
56.000000
383.000000
279.000000
49.000000
124.000000
209.000000
43.000000
61.000000
65.000000
83.000000
65.000000
204.000000
230.000000
144.000000
331.000000
47.000000
337.000000
92.000000
150.000000
277.000000
299.000000
187.000000
305.000000
36.000000
173.000000
310.000000
1.000000
83.000000
258.000000
187.000000
92.000000
337.000000
14.000000
277.000000
7.000000
171.000000
279.000000
150.000000
68.000000
279.000000
222.000000
174.000000
346.000000
87.000000
279.000000
349.000000
146.000000
204.000000
83.000000
7.000000
49.000000
310.000000
117.000000
2.000000
92.000000
383.000000
251.000000
92.000000
35.000000
174.000000
157.000000
173.000000
223.000000
83.000000
157.000000
180.000000
207.000000
290.000000
35.000000
68.000000
14.000000
282.000000
304.000000
153.000000
174.000000
153.000000
36.000000
26.000000
83.000000
279.000000
1.000000
35.000000
88.000000
337.000000
173.000000
9.000000
69.000000
362.000000
304.000000
174.000000
17.000000
174.000000
304.000000
222.000000
3.000000
6.000000
377.000000
70.000000
173.000000
319.000000
173.000000
35.000000
88.000000
83.000000
117.000000
337.000000
68.000000
6.000000
337.000000
6.000000
173.000000
226.000000
35.000000
61.000000
88.000000
266.000000
6.000000
185.000000
11.000000
69.000000
35.000000
35.000000
157.000000
279.000000
349.000000
279.000000
323.000000
41.000000
300.000000
248.000000
192.000000
167.000000
194.000000
279.000000
83.000000
49.000000
167.000000
2.000000
108.000000
157.000000
92.000000
171.000000
383.000000
210.000000
124.000000
125.000000
157.000000
3.000000
157.000000
222.000000
230.000000
65.000000
204.000000
173.000000
70.000000
3.000000
10.000000
153.000000
173.000000
277.000000
204.000000
305.000000
171.000000
187.000000
279.000000
3.000000
49.000000
279.000000
307.000000
2.000000
68.000000
279.000000
102.000000
204.000000
326.000000
279.000000
40.000000
279.000000
174.000000
282.000000
68.000000
17.000000
146.000000
49.000000
83.000000
83.000000
47.000000
10.000000
337.000000
83.000000
2.000000
83.000000
323.000000
279.000000
265.000000
290.000000
43.000000
150.000000
187.000000
146.000000
77.000000
165.000000
290.000000
61.000000
360.000000
157.000000
171.000000
186.000000
279.000000
146.000000
81.000000
174.000000
87.000000
83.000000
304.000000
10.000000
222.000000
171.000000
117.000000
265.000000
146.000000
346.000000
309.000000
304.000000
98.000000
305.000000
322.000000
346.000000
68.000000
150.000000
187.000000
97.000000
358.000000
300.000000
35.000000
299.000000
14.000000
83.000000
17.000000
310.000000
102.000000
83.000000
14.000000
197.000000
206.000000
146.000000
83.000000
305.000000
279.000000
174.000000
157.000000
204.000000
83.000000
310.000000
49.000000
361.000000
83.000000
150.000000
3.000000
220.000000
279.000000
3.000000
187.000000
173.000000
35.000000
97.000000
346.000000
65.000000
83.000000
358.000000
383.000000
11.000000
187.000000
138.000000
204.000000
265.000000
35.000000
346.000000
251.000000
309.000000
249.000000
108.000000
207.000000
230.000000
226.000000
322.000000
83.000000
11.000000
279.000000
362.000000
35.000000
150.000000
250.000000
27.000000
207.000000
49.000000
337.000000
56.000000
3.000000
6.000000
150.000000
279.000000
279.000000
285.000000
27.000000
102.000000
199.000000
11.000000
6.000000
102.000000
146.000000
184.000000
6.000000
285.000000
186.000000
48.000000
49.000000
234.000000
36.000000
299.000000
167.000000
156.000000
87.000000
150.000000
279.000000
279.000000
380.000000
108.000000
117.000000
319.000000
204.000000
83.000000
326.000000
173.000000
35.000000
67.000000
380.000000
146.000000
35.000000
222.000000
207.000000
3.000000
32.000000
279.000000
279.000000
117.000000
83.000000
11.000000
279.000000
83.000000
165.000000
3.000000
1.000000
69.000000
319.000000
2.000000
83.000000
49.000000
299.000000
362.000000
165.000000
35.000000
100.000000
146.000000
83.000000
299.000000
383.000000
70.000000
138.000000
187.000000
266.000000
117.000000
172.000000
165.000000
14.000000
349.000000
11.000000
299.000000
81.000000
266.000000
157.000000
157.000000
68.000000
165.000000
279.000000
282.000000
383.000000
41.000000
108.000000
146.000000
92.000000
88.000000
68.000000
3.000000
377.000000
35.000000
167.000000
83.000000
311.000000
7.000000
326.000000
299.000000
83.000000
299.000000
68.000000
206.000000
304.000000
361.000000
150.000000
2.000000
361.000000
146.000000
279.000000
309.000000
215.000000
187.000000
8.000000
383.000000
305.000000
157.000000
77.000000
234.000000
173.000000
186.000000
279.000000
61.000000
83.000000
1.000000
88.000000
102.000000
187.000000
35.000000
1.000000
184.000000
11.000000
291.000000
187.000000
305.000000
61.000000
279.000000
83.000000
150.000000
299.000000
150.000000
279.000000
12.000000
83.000000
35.000000
222.000000
11.000000
223.000000
83.000000
362.000000
282.000000
203.000000
266.000000
327.000000
92.000000
270.000000
35.000000
171.000000
146.000000
279.000000
222.000000
222.000000
150.000000
41.000000
311.000000
146.000000
360.000000
279.000000
279.000000
6.000000
83.000000
337.000000
108.000000
279.000000
1.000000
81.000000
360.000000
146.000000
364.000000
337.000000
65.000000
361.000000
6.000000
27.000000
92.000000
279.000000
279.000000
83.000000
319.000000
108.000000
187.000000
3.000000
203.000000
88.000000
92.000000
108.000000
181.000000
157.000000
319.000000
157.000000
361.000000
87.000000
83.000000
279.000000
146.000000
17.000000
11.000000
361.000000
277.000000
279.000000
150.000000
279.000000
150.000000
83.000000
248.000000
156.000000
27.000000
299.000000
150.000000
361.000000
96.000000
111.000000
92.000000
279.000000
204.000000
31.000000
4.000000
83.000000
265.000000
315.000000
35.000000
377.000000
304.000000
117.000000
319.000000
35.000000
157.000000
299.000000
88.000000
204.000000
231.000000
204.000000
157.000000
117.000000
108.000000
279.000000
4.000000
279.000000
171.000000
157.000000
83.000000
346.000000
194.000000
35.000000
43.000000
165.000000
88.000000
61.000000
279.000000
157.000000
35.000000
317.000000
7.000000
11.000000
174.000000
279.000000
146.000000
83.000000
187.000000
222.000000
117.000000
27.000000
204.000000
171.000000
354.000000
102.000000
383.000000
11.000000
11.000000
92.000000
173.000000
282.000000
68.000000
98.000000
117.000000
197.000000
222.000000
173.000000
102.000000
280.000000
322.000000
117.000000
383.000000
83.000000
83.000000
223.000000
222.000000
290.000000
174.000000
2.000000
171.000000
383.000000
14.000000
108.000000
165.000000
222.000000
138.000000
279.000000
92.000000
108.000000
83.000000
11.000000
31.000000
279.000000
174.000000
349.000000
358.000000
3.000000
35.000000
83.000000
146.000000
299.000000
68.000000
364.000000
83.000000
35.000000
361.000000
157.000000
279.000000
17.000000
83.000000
290.000000
230.000000
83.000000
222.000000
17.000000
167.000000
144.000000
150.000000
282.000000
146.000000
187.000000
279.000000
102.000000
279.000000
250.000000
6.000000
187.000000
150.000000
35.000000
165.000000
146.000000
92.000000
337.000000
299.000000
27.000000
6.000000
108.000000
83.000000
153.000000
83.000000
197.000000
207.000000
204.000000
207.000000
3.000000
204.000000
322.000000
11.000000
49.000000
173.000000
146.000000
92.000000
27.000000
6.000000
150.000000
49.000000
83.000000
326.000000
167.000000
92.000000
81.000000
337.000000
127.000000
203.000000
6.000000
11.000000
36.000000
146.000000
98.000000
187.000000
83.000000
299.000000
299.000000
108.000000
97.000000
192.000000
83.000000
309.000000
4.000000
11.000000
146.000000
83.000000
1.000000
251.000000
186.000000
220.000000
250.000000
11.000000
75.000000
146.000000
83.000000
171.000000
361.000000
337.000000
210.000000
244.000000
10.000000
282.000000
361.000000
248.000000
150.000000
124.000000
305.000000
49.000000
17.000000
83.000000
171.000000
67.000000
157.000000
35.000000
2.000000
83.000000
100.000000
1.000000
92.000000
167.000000
323.000000
83.000000
68.000000
360.000000
266.000000
157.000000
83.000000
68.000000
150.000000
173.000000
279.000000
6.000000
248.000000
83.000000
279.000000
165.000000
117.000000
309.000000
6.000000
81.000000
209.000000
17.000000
309.000000
165.000000
139.000000
185.000000
157.000000
210.000000
195.000000
222.000000
226.000000
83.000000
250.000000
68.000000
180.000000
77.000000
327.000000
3.000000
204.000000
364.000000
27.000000
157.000000
309.000000
276.000000
56.000000
279.000000
150.000000
251.000000
315.000000
146.000000
11.000000
279.000000
360.000000
194.000000
279.000000
360.000000
165.000000
222.000000
146.000000
277.000000
279.000000
171.000000
266.000000
279.000000
11.000000
75.000000
157.000000
6.000000
299.000000
223.000000
6.000000
49.000000
204.000000
27.000000
207.000000
316.000000
68.000000
226.000000
187.000000
346.000000
9.000000
17.000000
3.000000
83.000000
150.000000
11.000000
70.000000
305.000000
10.000000
282.000000
204.000000
279.000000
231.000000
187.000000
81.000000
6.000000
383.000000
146.000000
139.000000
17.000000
317.000000
194.000000
305.000000
83.000000
127.000000
173.000000
360.000000
97.000000
11.000000
226.000000
108.000000
222.000000
108.000000
6.000000
358.000000
358.000000
31.000000
35.000000
6.000000
222.000000
3.000000
146.000000
279.000000
319.000000
180.000000
361.000000
291.000000
304.000000
49.000000
234.000000
157.000000
279.000000
7.000000
206.000000
146.000000
230.000000
35.000000
3.000000
171.000000
153.000000
351.000000
364.000000
2.000000
337.000000
35.000000
102.000000
266.000000
49.000000
153.000000
316.000000
265.000000
102.000000
319.000000
322.000000
83.000000
14.000000
315.000000
35.000000
81.000000
282.000000
108.000000
279.000000
383.000000
35.000000
310.000000
173.000000
49.000000
311.000000
88.000000
27.000000
68.000000
102.000000
35.000000
323.000000
222.000000
27.000000
319.000000
68.000000
223.000000
305.000000
361.000000
11.000000
111.000000
230.000000
69.000000
174.000000
35.000000
87.000000
290.000000
277.000000
337.000000
358.000000
2.000000
61.000000
11.000000
83.000000
346.000000
1.000000
100.000000
83.000000
337.000000
361.000000
98.000000
102.000000
11.000000
146.000000
65.000000
35.000000
174.000000
358.000000
282.000000
102.000000
43.000000
187.000000
204.000000
319.000000
87.000000
349.000000
279.000000
337.000000
77.000000
299.000000
75.000000
146.000000
35.000000
279.000000
210.000000
174.000000
6.000000
35.000000
173.000000
299.000000
176.000000
14.000000
171.000000
377.000000
77.000000
32.000000
14.000000
279.000000
83.000000
35.000000
117.000000
187.000000
285.000000
153.000000
165.000000
167.000000
165.000000
92.000000
56.000000
323.000000
279.000000
326.000000
171.000000
174.000000
279.000000
383.000000
377.000000
304.000000
102.000000
187.000000
69.000000
323.000000
222.000000
92.000000
383.000000
92.000000
27.000000
305.000000
187.000000
49.000000
3.000000
240.000000
309.000000
383.000000
11.000000
83.000000
361.000000
68.000000
346.000000
49.000000
68.000000
35.000000
309.000000
349.000000
360.000000
3.000000
35.000000
174.000000
309.000000
266.000000
279.000000
68.000000
346.000000
267.000000
108.000000
11.000000
204.000000
83.000000
108.000000
315.000000
83.000000
157.000000
174.000000
279.000000
222.000000
226.000000
49.000000
204.000000
4.000000
204.000000
9.000000
85.000000
187.000000
309.000000
17.000000
171.000000
12.000000
83.000000
159.000000
222.000000
279.000000
276.000000
204.000000
118.000000
150.000000
35.000000
173.000000
83.000000
226.000000
362.000000
299.000000
68.000000
150.000000
35.000000
222.000000
291.000000
220.000000
4.000000
305.000000
279.000000
98.000000
102.000000
150.000000
222.000000
27.000000
210.000000
3.000000
266.000000
27.000000
47.000000
203.000000
279.000000
203.000000
349.000000
6.000000
282.000000
132.000000
299.000000
88.000000
159.000000
35.000000
157.000000
102.000000
6.000000
187.000000
364.000000
171.000000
173.000000
157.000000
117.000000
279.000000
322.000000
315.000000
11.000000
187.000000
337.000000
108.000000
337.000000
349.000000
3.000000
192.000000
157.000000
299.000000
167.000000
187.000000
11.000000
171.000000
277.000000
3.000000
2.000000
209.000000
282.000000
14.000000
358.000000
49.000000
35.000000
377.000000
157.000000
87.000000
326.000000
117.000000
319.000000
97.000000
2.000000
49.000000
279.000000
285.000000
35.000000
11.000000
165.000000
290.000000
7.000000
150.000000
326.000000
56.000000
174.000000
346.000000
358.000000
171.000000
111.000000
279.000000
184.000000
210.000000
319.000000
326.000000
146.000000
197.000000
360.000000
83.000000
83.000000
118.000000
311.000000
174.000000
279.000000
83.000000
279.000000
206.000000
68.000000
309.000000
379.000000
361.000000
83.000000
167.000000
165.000000
360.000000
27.000000
279.000000
251.000000
361.000000
223.000000
56.000000
35.000000
305.000000
92.000000
319.000000
3.000000
165.000000
35.000000
3.000000
83.000000
290.000000
83.000000
204.000000
277.000000
35.000000
2.000000
35.000000
83.000000
108.000000
204.000000
3.000000
157.000000
226.000000
92.000000
153.000000
174.000000
83.000000
319.000000
17.000000
279.000000
174.000000
279.000000
315.000000
362.000000
337.000000
38.000000
48.000000
358.000000
222.000000
35.000000
87.000000
187.000000
279.000000
150.000000
77.000000
331.000000
150.000000
226.000000
83.000000
360.000000
220.000000
315.000000
358.000000
315.000000
83.000000
83.000000
174.000000
3.000000
210.000000
117.000000
360.000000
279.000000
279.000000
83.000000
83.000000
277.000000
222.000000
290.000000
56.000000
157.000000
43.000000
83.000000
358.000000
222.000000
83.000000
315.000000
279.000000
111.000000
6.000000
35.000000
279.000000
174.000000
290.000000
11.000000
87.000000
165.000000
299.000000
165.000000
62.000000
65.000000
197.000000
282.000000
150.000000
299.000000
222.000000
309.000000
83.000000
310.000000
61.000000
3.000000
358.000000
337.000000
361.000000
250.000000
153.000000
171.000000
377.000000
87.000000
317.000000
249.000000
204.000000
167.000000
102.000000
77.000000
222.000000
181.000000
56.000000
265.000000
27.000000
92.000000
157.000000
7.000000
146.000000
83.000000
337.000000
245.000000
167.000000
230.000000
165.000000
222.000000
17.000000
11.000000
187.000000
231.000000
277.000000
14.000000
35.000000
3.000000
173.000000
234.000000
251.000000
371.000000
83.000000
176.000000
383.000000
204.000000
282.000000
3.000000
279.000000
228.000000
35.000000
51.000000
83.000000
299.000000
167.000000
279.000000
248.000000
83.000000
319.000000
75.000000
165.000000
222.000000
35.000000
92.000000
337.000000
267.000000
108.000000
6.000000
108.000000
204.000000
11.000000
67.000000
83.000000
279.000000
150.000000
108.000000
3.000000
102.000000
83.000000
349.000000
282.000000
305.000000
377.000000
49.000000
351.000000
361.000000
210.000000
269.000000
222.000000
35.000000
266.000000
346.000000
173.000000
117.000000
6.000000
69.000000
35.000000
92.000000
92.000000
56.000000
11.000000
1.000000
51.000000
81.000000
383.000000
245.000000
6.000000
362.000000
17.000000
173.000000
305.000000
279.000000
157.000000
349.000000
326.000000
305.000000
68.000000
12.000000
307.000000
68.000000
322.000000
226.000000
49.000000
127.000000
299.000000
279.000000
207.000000
174.000000
362.000000
35.000000
92.000000
35.000000
279.000000
349.000000
98.000000
68.000000
282.000000
92.000000
27.000000
159.000000
146.000000
150.000000
173.000000
165.000000
299.000000
317.000000
81.000000
199.000000
304.000000
157.000000
279.000000
43.000000
83.000000
92.000000
4.000000
124.000000
326.000000
266.000000
187.000000
7.000000
319.000000
87.000000
222.000000
222.000000
139.000000
300.000000
96.000000
124.000000
67.000000
83.000000
197.000000
279.000000
108.000000
187.000000
35.000000
279.000000
279.000000
157.000000
337.000000
6.000000
361.000000
349.000000
150.000000
35.000000
234.000000
146.000000
210.000000
49.000000
35.000000
222.000000
299.000000
49.000000
2.000000
11.000000
11.000000
250.000000
377.000000
35.000000
97.000000
83.000000
251.000000
346.000000
285.000000
100.000000
322.000000
56.000000
83.000000
299.000000
108.000000
35.000000
279.000000
305.000000
279.000000
346.000000
14.000000
144.000000
102.000000
279.000000
35.000000
11.000000
7.000000
67.000000
282.000000
35.000000
279.000000
331.000000
204.000000
223.000000
35.000000
102.000000
36.000000
1.000000
377.000000
383.000000
197.000000
299.000000
360.000000
35.000000
11.000000
150.000000
146.000000
251.000000
35.000000
197.000000
279.000000
6.000000
173.000000
171.000000
61.000000
92.000000
299.000000
6.000000
35.000000
199.000000
118.000000
108.000000
299.000000
282.000000
68.000000
3.000000
187.000000
304.000000
323.000000
277.000000
35.000000
241.000000
83.000000
305.000000
67.000000
364.000000
102.000000
222.000000
266.000000
305.000000
361.000000
11.000000
49.000000
299.000000
92.000000
304.000000
279.000000
102.000000
49.000000
6.000000
11.000000
279.000000
92.000000
83.000000
305.000000
167.000000
27.000000
204.000000
1.000000
6.000000
83.000000
150.000000
157.000000
279.000000
3.000000
68.000000
26.000000
291.000000
207.000000
35.000000
279.000000
223.000000
360.000000
207.000000
195.000000
299.000000
83.000000
282.000000
6.000000
83.000000
167.000000
173.000000
83.000000
209.000000
251.000000
309.000000
96.000000
187.000000
108.000000
309.000000
68.000000
100.000000
322.000000
250.000000
305.000000
349.000000
174.000000
83.000000
157.000000
305.000000
92.000000
299.000000
98.000000
222.000000
360.000000
173.000000
3.000000
300.000000
35.000000
68.000000
383.000000
279.000000
108.000000
197.000000
159.000000
2.000000
56.000000
171.000000
197.000000
67.000000
17.000000
102.000000
35.000000
349.000000
35.000000
35.000000
38.000000
174.000000
68.000000
35.000000
310.000000
83.000000
231.000000
279.000000
173.000000
11.000000
88.000000
83.000000
279.000000
117.000000
251.000000
150.000000
291.000000
36.000000
92.000000
173.000000
279.000000
35.000000
305.000000
174.000000
300.000000
337.000000
349.000000
167.000000
3.000000
83.000000
92.000000
49.000000
174.000000
11.000000
3.000000
362.000000
305.000000
69.000000
49.000000
47.000000
68.000000
108.000000
197.000000
87.000000
222.000000
222.000000
56.000000
56.000000
204.000000
197.000000
83.000000
337.000000
204.000000
266.000000
167.000000
279.000000
68.000000
27.000000
17.000000
83.000000
56.000000
337.000000
281.000000
279.000000
250.000000
279.000000
167.000000
35.000000
377.000000
68.000000
77.000000
3.000000
146.000000
171.000000
337.000000
277.000000
3.000000
337.000000
108.000000
204.000000
17.000000
11.000000
222.000000
304.000000
11.000000
92.000000
150.000000
299.000000
197.000000
146.000000
68.000000
174.000000
17.000000
222.000000
299.000000
187.000000
22.000000
337.000000
304.000000
11.000000
195.000000
68.000000
38.000000
310.000000
176.000000
35.000000
102.000000
157.000000
69.000000
279.000000
279.000000
282.000000
108.000000
108.000000
165.000000
337.000000
309.000000
299.000000
153.000000
6.000000
150.000000
83.000000
65.000000
83.000000
35.000000
174.000000
35.000000
10.000000
180.000000
305.000000
157.000000
157.000000
222.000000
265.000000
17.000000
83.000000
17.000000
265.000000
279.000000
299.000000
65.000000
117.000000
285.000000
14.000000
203.000000
305.000000
118.000000
171.000000
6.000000
47.000000
279.000000
6.000000
174.000000
11.000000
83.000000
299.000000
69.000000
83.000000
248.000000
310.000000
68.000000
174.000000
77.000000
98.000000
222.000000
258.000000
282.000000
358.000000
11.000000
27.000000
290.000000
277.000000
279.000000
49.000000
311.000000
377.000000
299.000000
87.000000
48.000000
187.000000
282.000000
326.000000
68.000000
251.000000
337.000000
92.000000
299.000000
171.000000
172.000000
6.000000
174.000000
157.000000
299.000000
250.000000
157.000000
171.000000
279.000000
279.000000
27.000000
171.000000
279.000000
14.000000
83.000000
102.000000
27.000000
279.000000
299.000000
56.000000
346.000000
337.000000
68.000000
118.000000
150.000000
222.000000
279.000000
35.000000
92.000000
108.000000
27.000000
361.000000
279.000000
3.000000
299.000000
326.000000
6.000000
35.000000
83.000000
68.000000
116.000000
337.000000
157.000000
17.000000
83.000000
362.000000
77.000000
361.000000
299.000000
327.000000
234.000000
337.000000
3.000000
305.000000
207.000000
83.000000
11.000000
349.000000
83.000000
279.000000
279.000000
327.000000
144.000000
305.000000
68.000000
6.000000
290.000000
150.000000
102.000000
187.000000
146.000000
43.000000
167.000000
185.000000
346.000000
299.000000
92.000000
47.000000
146.000000
279.000000
185.000000
31.000000
171.000000
199.000000
100.000000
186.000000
276.000000
83.000000
3.000000
6.000000
311.000000
291.000000
277.000000
116.000000
108.000000
87.000000
279.000000
299.000000
349.000000
49.000000
35.000000
83.000000
6.000000
361.000000
12.000000
305.000000
311.000000
231.000000
35.000000
171.000000
244.000000
358.000000
223.000000
83.000000
3.000000
83.000000
11.000000
108.000000
171.000000
97.000000
241.000000
83.000000
157.000000
3.000000
299.000000
279.000000
6.000000
187.000000
11.000000
279.000000
266.000000
150.000000
3.000000
360.000000
35.000000
165.000000
383.000000
290.000000
383.000000
185.000000
87.000000
17.000000
157.000000
279.000000
223.000000
194.000000
7.000000
35.000000
165.000000
4.000000
173.000000
56.000000
315.000000
299.000000
83.000000
361.000000
309.000000
68.000000
35.000000
83.000000
153.000000
165.000000
174.000000
279.000000
383.000000
279.000000
35.000000
157.000000
279.000000
310.000000
6.000000
310.000000
157.000000
150.000000
346.000000
3.000000
222.000000
167.000000
258.000000
279.000000
81.000000
132.000000
83.000000
279.000000
322.000000
279.000000
307.000000
17.000000
305.000000
210.000000
250.000000
360.000000
171.000000
139.000000
92.000000
12.000000
204.000000
3.000000
11.000000
251.000000
92.000000
222.000000
311.000000
108.000000
83.000000
351.000000
124.000000
173.000000
349.000000
83.000000
173.000000
157.000000
35.000000
92.000000
165.000000
383.000000
362.000000
319.000000
35.000000
68.000000
77.000000
299.000000
68.000000
117.000000
108.000000
6.000000
282.000000
279.000000
173.000000
187.000000
100.000000
118.000000
108.000000
279.000000
83.000000
251.000000
207.000000
11.000000
383.000000
174.000000
299.000000
358.000000
117.000000
157.000000
157.000000
61.000000
279.000000
83.000000
279.000000
1.000000
377.000000
35.000000
3.000000
167.000000
157.000000
346.000000
100.000000
157.000000
87.000000
92.000000
150.000000
92.000000
150.000000
157.000000
146.000000
3.000000
11.000000
277.000000
7.000000
187.000000
173.000000
14.000000
117.000000
251.000000
17.000000
222.000000
92.000000
1.000000
108.000000
279.000000
150.000000
96.000000
157.000000
157.000000
360.000000
250.000000
187.000000
146.000000
279.000000
319.000000
167.000000
210.000000
43.000000
32.000000
83.000000
61.000000
346.000000
209.000000
111.000000
150.000000
35.000000
83.000000
346.000000
241.000000
377.000000
299.000000
11.000000
281.000000
31.000000
83.000000
117.000000
326.000000
146.000000
108.000000
6.000000
83.000000
35.000000
279.000000
67.000000
146.000000
291.000000
35.000000
251.000000
108.000000
291.000000
81.000000
83.000000
6.000000
299.000000
153.000000
2.000000
173.000000
67.000000
165.000000
11.000000
157.000000
68.000000
383.000000
267.000000
108.000000
35.000000
35.000000
31.000000
35.000000
171.000000
226.000000
102.000000
111.000000
220.000000
35.000000
83.000000
279.000000
4.000000
41.000000
279.000000
305.000000
35.000000
117.000000
14.000000
375.000000
311.000000
157.000000
102.000000
279.000000
150.000000
258.000000
299.000000
138.000000
83.000000
35.000000
108.000000
279.000000
222.000000
248.000000
279.000000
331.000000
2.000000
1.000000
138.000000
187.000000
358.000000
2.000000
35.000000
17.000000
199.000000
146.000000
266.000000
83.000000
360.000000
171.000000
305.000000
100.000000
358.000000
250.000000
69.000000
192.000000
251.000000
35.000000
68.000000
157.000000
35.000000
35.000000
35.000000
3.000000
180.000000
337.000000
176.000000
146.000000
108.000000
231.000000
187.000000
349.000000
230.000000
222.000000
337.000000
35.000000
279.000000
173.000000
146.000000
150.000000
322.000000
305.000000
97.000000
108.000000
192.000000
309.000000
35.000000
157.000000
17.000000
70.000000
83.000000
279.000000
118.000000
282.000000
68.000000
230.000000
36.000000
7.000000
32.000000
77.000000
65.000000
279.000000
35.000000
299.000000
277.000000
204.000000
92.000000
165.000000
171.000000
108.000000
194.000000
92.000000
87.000000
204.000000
100.000000
279.000000
102.000000
146.000000
290.000000
68.000000
230.000000
210.000000
299.000000
11.000000
222.000000
299.000000
311.000000
100.000000
157.000000
360.000000
35.000000
146.000000
222.000000
69.000000
81.000000
315.000000
326.000000
157.000000
68.000000
83.000000
146.000000
35.000000
22.000000
204.000000
279.000000
3.000000
309.000000
279.000000
68.000000
282.000000
3.000000
138.000000
226.000000
383.000000
117.000000
35.000000
2.000000
3.000000
100.000000
11.000000
250.000000
369.000000
146.000000
377.000000
383.000000
319.000000
174.000000
1.000000
65.000000
146.000000
358.000000
299.000000
96.000000
377.000000
279.000000
14.000000
83.000000
186.000000
279.000000
35.000000
102.000000
92.000000
266.000000
304.000000
61.000000
251.000000
3.000000
35.000000
226.000000
11.000000
65.000000
346.000000
17.000000
75.000000
83.000000
244.000000
83.000000
276.000000
147.000000
171.000000
11.000000
209.000000
299.000000
157.000000
6.000000
117.000000
165.000000
35.000000
279.000000
65.000000
17.000000
364.000000
69.000000
3.000000
279.000000
83.000000
67.000000
173.000000
108.000000
354.000000
35.000000
2.000000
245.000000
35.000000
117.000000
102.000000
68.000000
2.000000
383.000000
249.000000
167.000000
210.000000
150.000000
184.000000
40.000000
279.000000
92.000000
266.000000
1.000000
315.000000
7.000000
279.000000
92.000000
180.000000
220.000000
157.000000
203.000000
9.000000
299.000000
279.000000
83.000000
146.000000
165.000000
83.000000
3.000000
171.000000
248.000000
337.000000
92.000000
150.000000
173.000000
231.000000
83.000000
305.000000
279.000000
165.000000
245.000000
360.000000
307.000000
279.000000
299.000000
111.000000
282.000000
267.000000
146.000000
279.000000
337.000000
7.000000
100.000000
279.000000
266.000000
3.000000
81.000000
61.000000
173.000000
132.000000
27.000000
279.000000
147.000000
67.000000
6.000000
157.000000
244.000000
299.000000
157.000000
362.000000
100.000000
354.000000
4.000000
171.000000
173.000000
279.000000
207.000000
187.000000
290.000000
309.000000
364.000000
146.000000
157.000000
83.000000
361.000000
36.000000
310.000000
358.000000
222.000000
322.000000
35.000000
35.000000
222.000000
68.000000
146.000000
299.000000
361.000000
61.000000
174.000000
56.000000
65.000000
279.000000
