0.438352 4.000000 4.000000 0.000000 0.050000
0.450247 5.000000 4.000000 0.000000 0.050000
0.452567 6.000000 4.000000 0.000000 0.050000
0.449956 4.000000 5.000000 0.000000 0.050000
0.457209 5.000000 5.000000 0.000000 0.050000
0.456629 6.000000 5.000000 0.000000 0.050000
0.454308 4.000000 6.000000 0.000000 0.050000
0.456049 5.000000 6.000000 0.000000 0.050000
0.462141 6.000000 6.000000 0.000000 0.050000
0.438352 4.000000 4.000000 0.100000 0.050000
0.446475 5.000000 4.000000 0.100000 0.050000
0.448216 6.000000 4.000000 0.100000 0.050000
0.441833 4.000000 5.000000 0.100000 0.050000
0.450827 5.000000 5.000000 0.100000 0.050000
0.461851 6.000000 5.000000 0.100000 0.050000
0.448796 4.000000 6.000000 0.100000 0.050000
0.460400 5.000000 6.000000 0.100000 0.050000
0.462141 6.000000 6.000000 0.100000 0.050000
0.435451 4.000000 4.000000 0.200000 0.050000
0.451117 5.000000 4.000000 0.200000 0.050000
0.453148 6.000000 4.000000 0.200000 0.050000
0.446185 4.000000 5.000000 0.200000 0.050000
0.456629 5.000000 5.000000 0.200000 0.050000
0.460690 6.000000 5.000000 0.200000 0.050000
0.451407 4.000000 6.000000 0.200000 0.050000
0.457499 5.000000 6.000000 0.200000 0.050000
0.463882 6.000000 6.000000 0.200000 0.050000
0.435161 4.000000 4.000000 0.000000 0.100000
0.437192 5.000000 4.000000 0.000000 0.100000
0.447055 6.000000 4.000000 0.000000 0.100000
0.443864 4.000000 5.000000 0.000000 0.100000
0.451407 5.000000 5.000000 0.000000 0.100000
0.445895 6.000000 5.000000 0.000000 0.100000
0.447636 4.000000 6.000000 0.000000 0.100000
0.454888 5.000000 6.000000 0.000000 0.100000
0.454598 6.000000 6.000000 0.000000 0.100000
0.433130 4.000000 4.000000 0.100000 0.100000
0.441543 5.000000 4.000000 0.100000 0.100000
0.444154 6.000000 4.000000 0.100000 0.100000
0.441833 4.000000 5.000000 0.100000 0.100000
0.453148 5.000000 5.000000 0.100000 0.100000
0.456339 6.000000 5.000000 0.100000 0.100000
0.447055 4.000000 6.000000 0.100000 0.100000
0.456629 5.000000 6.000000 0.100000 0.100000
0.460110 6.000000 6.000000 0.100000 0.100000
0.427618 4.000000 4.000000 0.200000 0.100000
0.453438 5.000000 4.000000 0.200000 0.100000
0.441253 6.000000 4.000000 0.200000 0.100000
0.451987 4.000000 5.000000 0.200000 0.100000
0.448506 5.000000 5.000000 0.200000 0.100000
0.453148 6.000000 5.000000 0.200000 0.100000
0.450827 4.000000 6.000000 0.200000 0.100000
0.452858 5.000000 6.000000 0.200000 0.100000
0.451117 6.000000 6.000000 0.200000 0.100000
0.437772 4.000000 4.000000 0.000000 0.150000
0.438352 5.000000 4.000000 0.000000 0.150000
0.440093 6.000000 4.000000 0.000000 0.150000
0.429939 4.000000 5.000000 0.000000 0.150000
0.442704 5.000000 5.000000 0.000000 0.150000
0.429939 6.000000 5.000000 0.000000 0.150000
0.435451 4.000000 6.000000 0.000000 0.150000
0.450247 5.000000 6.000000 0.000000 0.150000
0.449666 6.000000 6.000000 0.000000 0.150000
0.436321 4.000000 4.000000 0.100000 0.150000
0.438062 5.000000 4.000000 0.100000 0.150000
0.436902 6.000000 4.000000 0.100000 0.150000
0.432840 4.000000 5.000000 0.100000 0.150000
0.439803 5.000000 5.000000 0.100000 0.150000
0.436902 6.000000 5.000000 0.100000 0.150000
0.443864 4.000000 6.000000 0.100000 0.150000
0.449666 5.000000 6.000000 0.100000 0.150000
0.447926 6.000000 6.000000 0.100000 0.150000
0.448506 4.000000 4.000000 0.200000 0.150000
0.430229 5.000000 4.000000 0.200000 0.150000
0.442704 6.000000 4.000000 0.200000 0.150000
0.435161 4.000000 5.000000 0.200000 0.150000
0.440383 5.000000 5.000000 0.200000 0.150000
0.438352 6.000000 5.000000 0.200000 0.150000
0.442704 4.000000 6.000000 0.200000 0.150000
0.447346 5.000000 6.000000 0.200000 0.150000
0.453438 6.000000 6.000000 0.200000 0.150000
