0.586016 6.000000 5.000000 0.000000
0.584351 7.000000 5.000000 0.000000
0.585738 8.000000 5.000000 0.000000
0.583611 9.000000 5.000000 0.000000
0.585831 10.000000 5.000000 0.000000
0.588883 6.000000 6.000000 0.000000
0.586570 7.000000 6.000000 0.000000
0.586663 8.000000 6.000000 0.000000
0.590085 9.000000 6.000000 0.000000
0.588513 10.000000 6.000000 0.000000
0.587588 6.000000 7.000000 0.000000
0.587865 7.000000 7.000000 0.000000
0.591102 8.000000 7.000000 0.000000
0.588790 9.000000 7.000000 0.000000
0.589438 10.000000 7.000000 0.000000
0.585091 6.000000 5.000000 0.100000
0.584628 7.000000 5.000000 0.100000
0.588143 8.000000 5.000000 0.100000
0.584906 9.000000 5.000000 0.100000
0.586755 10.000000 5.000000 0.100000
0.585831 6.000000 6.000000 0.100000
0.589068 7.000000 6.000000 0.100000
0.586108 8.000000 6.000000 0.100000
0.591195 9.000000 6.000000 0.100000
0.587588 10.000000 6.000000 0.100000
0.588513 6.000000 7.000000 0.100000
0.588328 7.000000 7.000000 0.100000
0.592305 8.000000 7.000000 0.100000
0.590917 9.000000 7.000000 0.100000
0.589900 10.000000 7.000000 0.100000
0.582871 6.000000 5.000000 0.200000
0.586848 7.000000 5.000000 0.200000
0.586201 8.000000 5.000000 0.200000
0.588975 9.000000 5.000000 0.200000
0.586293 10.000000 5.000000 0.200000
0.586478 6.000000 6.000000 0.200000
0.589345 7.000000 6.000000 0.200000
0.588050 8.000000 6.000000 0.200000
0.586940 9.000000 6.000000 0.200000
0.587495 10.000000 6.000000 0.200000
0.588143 6.000000 7.000000 0.200000
0.587403 7.000000 7.000000 0.200000
0.591195 8.000000 7.000000 0.200000
0.591750 9.000000 7.000000 0.200000
0.589530 10.000000 7.000000 0.200000
