2.004000000000000000e+03
1.820000000000000000e+02
8.520000000000000000e+02
1.359000000000000000e+03
1.172000000000000000e+03
8.570000000000000000e+02
1.694000000000000000e+03
3.402000000000000000e+03
3.570000000000000000e+03
3.720000000000000000e+02
1.330000000000000000e+03
2.629000000000000000e+03
1.423000000000000000e+03
1.496000000000000000e+03
2.753000000000000000e+03
8.040000000000000000e+02
2.888000000000000000e+03
3.878000000000000000e+03
1.237000000000000000e+03
1.453000000000000000e+03
3.186000000000000000e+03
2.192000000000000000e+03
1.107000000000000000e+03
2.974000000000000000e+03
3.435000000000000000e+03
9.490000000000000000e+02
3.021000000000000000e+03
3.055000000000000000e+03
1.465000000000000000e+03
1.504000000000000000e+03
1.842000000000000000e+03
5.570000000000000000e+02
8.580000000000000000e+02
2.722000000000000000e+03
3.220000000000000000e+02
5.150000000000000000e+02
1.796000000000000000e+03
3.257000000000000000e+03
3.430000000000000000e+02
2.986000000000000000e+03
1.928000000000000000e+03
8.380000000000000000e+02
1.713000000000000000e+03
2.782000000000000000e+03
3.370000000000000000e+02
1.892000000000000000e+03
3.369000000000000000e+03
4.120000000000000000e+02
3.673000000000000000e+03
1.370000000000000000e+03
1.333000000000000000e+03
1.058000000000000000e+03
2.940000000000000000e+02
3.184000000000000000e+03
1.484000000000000000e+03
2.016000000000000000e+03
8.650000000000000000e+02
2.787000000000000000e+03
3.860000000000000000e+02
2.568000000000000000e+03
1.157000000000000000e+03
1.644000000000000000e+03
2.387000000000000000e+03
1.614000000000000000e+03
2.660000000000000000e+03
3.023000000000000000e+03
3.714000000000000000e+03
3.286000000000000000e+03
2.384000000000000000e+03
1.727000000000000000e+03
8.520000000000000000e+02
7.580000000000000000e+02
4.000000000000000000e+00
1.203000000000000000e+03
8.500000000000000000e+02
3.878000000000000000e+03
2.258000000000000000e+03
7.350000000000000000e+02
3.541000000000000000e+03
2.948000000000000000e+03
3.516000000000000000e+03
1.571000000000000000e+03
6.310000000000000000e+02
5.000000000000000000e+01
1.889000000000000000e+03
1.504000000000000000e+03
3.000000000000000000e+02
2.595000000000000000e+03
2.013000000000000000e+03
1.900000000000000000e+02
1.355000000000000000e+03
1.255000000000000000e+03
8.480000000000000000e+02
2.167000000000000000e+03
3.177000000000000000e+03
2.920000000000000000e+02
3.119000000000000000e+03
2.132000000000000000e+03
3.485000000000000000e+03
3.481000000000000000e+03
1.892000000000000000e+03
2.690000000000000000e+02
3.580000000000000000e+02
2.292000000000000000e+03
2.969000000000000000e+03
3.115000000000000000e+03
6.740000000000000000e+02
1.593000000000000000e+03
2.588000000000000000e+03
1.203000000000000000e+03
2.261000000000000000e+03
5.000000000000000000e+01
1.442000000000000000e+03
3.130000000000000000e+02
2.292000000000000000e+03
3.012000000000000000e+03
6.160000000000000000e+02
8.380000000000000000e+02
3.640000000000000000e+03
1.341000000000000000e+03
3.408000000000000000e+03
1.966000000000000000e+03
2.288000000000000000e+03
1.305000000000000000e+03
2.101000000000000000e+03
2.481000000000000000e+03
1.207000000000000000e+03
1.496000000000000000e+03
2.576000000000000000e+03
1.217000000000000000e+03
3.346000000000000000e+03
9.320000000000000000e+02
1.823000000000000000e+03
8.480000000000000000e+02
6.300000000000000000e+02
2.465000000000000000e+03
3.491000000000000000e+03
6.720000000000000000e+02
1.275000000000000000e+03
2.780000000000000000e+03
3.580000000000000000e+02
3.238000000000000000e+03
1.926000000000000000e+03
3.612000000000000000e+03
6.680000000000000000e+02
9.040000000000000000e+02
1.526000000000000000e+03
7.550000000000000000e+02
1.034000000000000000e+03
6.360000000000000000e+02
1.586000000000000000e+03
7.540000000000000000e+02
3.908000000000000000e+03
3.272000000000000000e+03
1.245000000000000000e+03
5.990000000000000000e+02
2.107000000000000000e+03
9.470000000000000000e+02
5.000000000000000000e+01
3.023000000000000000e+03
1.298000000000000000e+03
1.419000000000000000e+03
3.929000000000000000e+03
1.972000000000000000e+03
3.629000000000000000e+03
3.457000000000000000e+03
2.249000000000000000e+03
1.217000000000000000e+03
1.453000000000000000e+03
2.006000000000000000e+03
3.320000000000000000e+03
2.570000000000000000e+02
3.480000000000000000e+02
8.650000000000000000e+02
3.646000000000000000e+03
3.766000000000000000e+03
1.058000000000000000e+03
2.004000000000000000e+03
4.590000000000000000e+02
1.217000000000000000e+03
3.647000000000000000e+03
2.652000000000000000e+03
2.780000000000000000e+03
2.560000000000000000e+02
2.177000000000000000e+03
1.483000000000000000e+03
3.504000000000000000e+03
1.060000000000000000e+02
6.200000000000000000e+01
2.425000000000000000e+03
3.790000000000000000e+02
2.177000000000000000e+03
2.262000000000000000e+03
2.090000000000000000e+02
1.579000000000000000e+03
1.966000000000000000e+03
6.930000000000000000e+02
4.120000000000000000e+02
1.330000000000000000e+03
6.940000000000000000e+02
7.080000000000000000e+02
2.558000000000000000e+03
3.081000000000000000e+03
3.186000000000000000e+03
1.406000000000000000e+03
1.171000000000000000e+03
1.939000000000000000e+03
1.044000000000000000e+03
2.147000000000000000e+03
3.411000000000000000e+03
1.761000000000000000e+03
3.815000000000000000e+03
3.450000000000000000e+02
1.003000000000000000e+03
3.253000000000000000e+03
3.849000000000000000e+03
9.630000000000000000e+02
2.974000000000000000e+03
1.651000000000000000e+03
1.406000000000000000e+03
9.800000000000000000e+01
2.059000000000000000e+03
4.000000000000000000e+00
3.583000000000000000e+03
3.254000000000000000e+03
3.448000000000000000e+03
3.908000000000000000e+03
3.220000000000000000e+02
3.346000000000000000e+03
4.420000000000000000e+02
1.274000000000000000e+03
3.544000000000000000e+03
3.820000000000000000e+02
1.356000000000000000e+03
3.640000000000000000e+03
3.854000000000000000e+03
6.480000000000000000e+02
2.352000000000000000e+03
2.992000000000000000e+03
2.588000000000000000e+03
3.018000000000000000e+03
2.218000000000000000e+03
1.442000000000000000e+03
1.453000000000000000e+03
2.541000000000000000e+03
1.237000000000000000e+03
5.000000000000000000e+01
3.009000000000000000e+03
3.871000000000000000e+03
7.890000000000000000e+02
3.411000000000000000e+03
1.632000000000000000e+03
1.093000000000000000e+03
2.258000000000000000e+03
1.146000000000000000e+03
3.252000000000000000e+03
1.796000000000000000e+03
1.508000000000000000e+03
2.525000000000000000e+03
6.160000000000000000e+02
1.781000000000000000e+03
2.283000000000000000e+03
1.334000000000000000e+03
1.637000000000000000e+03
2.970000000000000000e+03
3.919000000000000000e+03
2.142000000000000000e+03
8.860000000000000000e+02
3.380000000000000000e+02
1.483000000000000000e+03
2.541000000000000000e+03
2.540000000000000000e+03
6.480000000000000000e+02
2.267000000000000000e+03
1.058000000000000000e+03
3.589000000000000000e+03
3.481000000000000000e+03
1.974000000000000000e+03
2.350000000000000000e+03
1.827000000000000000e+03
1.203000000000000000e+03
2.292000000000000000e+03
1.866000000000000000e+03
3.846000000000000000e+03
1.830000000000000000e+02
5.400000000000000000e+02
8.850000000000000000e+02
3.447000000000000000e+03
2.433000000000000000e+03
3.469000000000000000e+03
8.310000000000000000e+02
2.112000000000000000e+03
3.491000000000000000e+03
8.480000000000000000e+02
1.035000000000000000e+03
3.411000000000000000e+03
1.240000000000000000e+03
2.093000000000000000e+03
2.540000000000000000e+03
2.001000000000000000e+03
2.111000000000000000e+03
2.283000000000000000e+03
3.419000000000000000e+03
1.689000000000000000e+03
3.272000000000000000e+03
2.570000000000000000e+02
2.380000000000000000e+02
3.419000000000000000e+03
3.150000000000000000e+03
2.200000000000000000e+01
3.480000000000000000e+02
3.469000000000000000e+03
6.910000000000000000e+02
2.841000000000000000e+03
6.930000000000000000e+02
2.014000000000000000e+03
2.213000000000000000e+03
2.738000000000000000e+03
2.303000000000000000e+03
3.065000000000000000e+03
9.500000000000000000e+01
5.000000000000000000e+01
1.282000000000000000e+03
2.996000000000000000e+03
1.315000000000000000e+03
2.264000000000000000e+03
2.290000000000000000e+03
7.550000000000000000e+02
6.300000000000000000e+02
1.633000000000000000e+03
1.946000000000000000e+03
8.520000000000000000e+02
3.179000000000000000e+03
2.996000000000000000e+03
1.940000000000000000e+03
2.380000000000000000e+02
1.806000000000000000e+03
1.219000000000000000e+03
2.843000000000000000e+03
2.218000000000000000e+03
1.670000000000000000e+03
1.892000000000000000e+03
3.744000000000000000e+03
1.644000000000000000e+03
2.522000000000000000e+03
2.175000000000000000e+03
3.009000000000000000e+03
3.470000000000000000e+02
3.457000000000000000e+03
3.152000000000000000e+03
3.793000000000000000e+03
2.208000000000000000e+03
4.120000000000000000e+02
3.030000000000000000e+03
3.062000000000000000e+03
3.370000000000000000e+02
3.570000000000000000e+03
7.540000000000000000e+02
3.732000000000000000e+03
3.380000000000000000e+02
3.318000000000000000e+03
1.327000000000000000e+03
3.134000000000000000e+03
3.702000000000000000e+03
1.453000000000000000e+03
1.423000000000000000e+03
3.623000000000000000e+03
3.666000000000000000e+03
3.536000000000000000e+03
2.001000000000000000e+03
2.672000000000000000e+03
3.009000000000000000e+03
8.300000000000000000e+02
2.002000000000000000e+03
3.462000000000000000e+03
4.310000000000000000e+02
9.490000000000000000e+02
8.850000000000000000e+02
3.370000000000000000e+02
3.506000000000000000e+03
3.380000000000000000e+02
3.720000000000000000e+02
2.722000000000000000e+03
3.292000000000000000e+03
2.568000000000000000e+03
3.574000000000000000e+03
3.380000000000000000e+02
3.184000000000000000e+03
8.480000000000000000e+02
1.299000000000000000e+03
3.550000000000000000e+02
2.700000000000000000e+01
1.317000000000000000e+03
1.504000000000000000e+03
3.177000000000000000e+03
3.402000000000000000e+03
1.252000000000000000e+03
3.156000000000000000e+03
2.560000000000000000e+02
2.624000000000000000e+03
3.411000000000000000e+03
2.893000000000000000e+03
2.272000000000000000e+03
1.316000000000000000e+03
2.270000000000000000e+02
2.208000000000000000e+03
1.735000000000000000e+03
1.573000000000000000e+03
1.630000000000000000e+02
2.070000000000000000e+02
1.373000000000000000e+03
9.600000000000000000e+01
2.239000000000000000e+03
3.318000000000000000e+03
1.564000000000000000e+03
2.996000000000000000e+03
8.930000000000000000e+02
3.956000000000000000e+03
2.816000000000000000e+03
7.250000000000000000e+02
3.866000000000000000e+03
2.030000000000000000e+02
5.400000000000000000e+02
3.815000000000000000e+03
3.254000000000000000e+03
3.673000000000000000e+03
3.119000000000000000e+03
2.560000000000000000e+02
9.800000000000000000e+01
1.998000000000000000e+03
1.630000000000000000e+02
2.448000000000000000e+03
2.128000000000000000e+03
5.400000000000000000e+02
2.290000000000000000e+03
5.100000000000000000e+01
1.403000000000000000e+03
3.481000000000000000e+03
2.780000000000000000e+02
2.070000000000000000e+02
3.741000000000000000e+03
8.820000000000000000e+02
3.030000000000000000e+03
2.725000000000000000e+03
2.664000000000000000e+03
3.430000000000000000e+03
1.972000000000000000e+03
9.800000000000000000e+01
1.858000000000000000e+03
1.614000000000000000e+03
2.697000000000000000e+03
3.257000000000000000e+03
3.204000000000000000e+03
3.720000000000000000e+02
3.878000000000000000e+03
1.296000000000000000e+03
2.290000000000000000e+03
1.585000000000000000e+03
2.737000000000000000e+03
2.425000000000000000e+03
2.382000000000000000e+03
1.858000000000000000e+03
2.380000000000000000e+02
2.707000000000000000e+03
1.424000000000000000e+03
3.469000000000000000e+03
2.740000000000000000e+02
3.674000000000000000e+03
3.427000000000000000e+03
2.230000000000000000e+02
2.429000000000000000e+03
2.940000000000000000e+02
1.564000000000000000e+03
3.411000000000000000e+03
3.020000000000000000e+03
3.470000000000000000e+02
3.733000000000000000e+03
2.950000000000000000e+02
3.934000000000000000e+03
3.849000000000000000e+03
7.500000000000000000e+02
3.666000000000000000e+03
2.367000000000000000e+03
4.260000000000000000e+02
3.380000000000000000e+02
3.908000000000000000e+03
3.145000000000000000e+03
2.827000000000000000e+03
3.506000000000000000e+03
1.019000000000000000e+03
1.522000000000000000e+03
1.282000000000000000e+03
2.523000000000000000e+03
1.712000000000000000e+03
1.537000000000000000e+03
1.358000000000000000e+03
3.670000000000000000e+02
1.651000000000000000e+03
1.019000000000000000e+03
9.470000000000000000e+02
3.820000000000000000e+02
8.040000000000000000e+02
2.322000000000000000e+03
1.203000000000000000e+03
2.550000000000000000e+02
1.233000000000000000e+03
1.298000000000000000e+03
1.423000000000000000e+03
8.650000000000000000e+02
1.531000000000000000e+03
1.206000000000000000e+03
1.620000000000000000e+03
3.300000000000000000e+01
2.481000000000000000e+03
1.484000000000000000e+03
1.424000000000000000e+03
1.092000000000000000e+03
8.820000000000000000e+02
1.010000000000000000e+03
2.130000000000000000e+03
1.637000000000000000e+03
3.574000000000000000e+03
2.506000000000000000e+03
1.116000000000000000e+03
6.680000000000000000e+02
1.735000000000000000e+03
2.609000000000000000e+03
8.040000000000000000e+02
3.641000000000000000e+03
1.326000000000000000e+03
3.363000000000000000e+03
3.380000000000000000e+02
2.899000000000000000e+03
1.511000000000000000e+03
5.100000000000000000e+01
5.140000000000000000e+02
2.382000000000000000e+03
6.940000000000000000e+02
1.649000000000000000e+03
2.058000000000000000e+03
1.423000000000000000e+03
2.300000000000000000e+01
3.454000000000000000e+03
3.899000000000000000e+03
2.523000000000000000e+03
9.140000000000000000e+02
1.894000000000000000e+03
8.850000000000000000e+02
3.666000000000000000e+03
9.750000000000000000e+02
2.035000000000000000e+03
7.500000000000000000e+02
1.593000000000000000e+03
1.444000000000000000e+03
1.799000000000000000e+03
8.570000000000000000e+02
1.224000000000000000e+03
1.370000000000000000e+03
9.070000000000000000e+02
3.469000000000000000e+03
3.288000000000000000e+03
8.960000000000000000e+02
3.040000000000000000e+02
3.815000000000000000e+03
8.850000000000000000e+02
3.030000000000000000e+02
7.500000000000000000e+02
2.676000000000000000e+03
3.411000000000000000e+03
4.260000000000000000e+02
3.815000000000000000e+03
7.540000000000000000e+02
1.217000000000000000e+03
1.218000000000000000e+03
3.646000000000000000e+03
8.040000000000000000e+02
4.700000000000000000e+01
1.224000000000000000e+03
9.320000000000000000e+02
8.080000000000000000e+02
1.714000000000000000e+03
2.738000000000000000e+03
3.135000000000000000e+03
1.516000000000000000e+03
3.580000000000000000e+02
8.600000000000000000e+01
3.820000000000000000e+02
2.493000000000000000e+03
2.869000000000000000e+03
1.403000000000000000e+03
7.550000000000000000e+02
1.713000000000000000e+03
2.212000000000000000e+03
3.470000000000000000e+02
5.570000000000000000e+02
2.493000000000000000e+03
2.523000000000000000e+03
3.184000000000000000e+03
3.782000000000000000e+03
3.257000000000000000e+03
6.320000000000000000e+02
3.411000000000000000e+03
1.995000000000000000e+03
1.760000000000000000e+02
1.511000000000000000e+03
1.373000000000000000e+03
2.016000000000000000e+03
1.479000000000000000e+03
1.062000000000000000e+03
2.267000000000000000e+03
1.237000000000000000e+03
2.906000000000000000e+03
1.237000000000000000e+03
8.170000000000000000e+02
1.294000000000000000e+03
2.576000000000000000e+03
1.548000000000000000e+03
1.632000000000000000e+03
1.605000000000000000e+03
5.640000000000000000e+02
1.433000000000000000e+03
1.344000000000000000e+03
2.226000000000000000e+03
3.408000000000000000e+03
1.203000000000000000e+03
2.996000000000000000e+03
3.558000000000000000e+03
2.177000000000000000e+03
5.920000000000000000e+02
3.184000000000000000e+03
2.401000000000000000e+03
2.700000000000000000e+01
1.783000000000000000e+03
4.280000000000000000e+02
3.448000000000000000e+03
2.580000000000000000e+03
3.860000000000000000e+03
2.540000000000000000e+03
2.600000000000000000e+03
1.771000000000000000e+03
2.812000000000000000e+03
3.120000000000000000e+03
2.013000000000000000e+03
3.220000000000000000e+02
5.980000000000000000e+02
1.036000000000000000e+03
2.708000000000000000e+03
3.220000000000000000e+02
2.587000000000000000e+03
1.013000000000000000e+03
3.550000000000000000e+02
3.071000000000000000e+03
9.790000000000000000e+02
3.009000000000000000e+03
1.396000000000000000e+03
6.720000000000000000e+02
3.411000000000000000e+03
1.668000000000000000e+03
2.013000000000000000e+03
2.180000000000000000e+03
3.180000000000000000e+03
8.270000000000000000e+02
2.226000000000000000e+03
9.930000000000000000e+02
1.808000000000000000e+03
7.540000000000000000e+02
2.177000000000000000e+03
2.635000000000000000e+03
2.729000000000000000e+03
1.750000000000000000e+02
2.448000000000000000e+03
3.854000000000000000e+03
3.055000000000000000e+03
9.790000000000000000e+02
8.500000000000000000e+02
1.571000000000000000e+03
3.864000000000000000e+03
1.974000000000000000e+03
3.211000000000000000e+03
2.340000000000000000e+02
3.055000000000000000e+03
2.175000000000000000e+03
3.589000000000000000e+03
3.506000000000000000e+03
1.359000000000000000e+03
1.649000000000000000e+03
3.658000000000000000e+03
2.560000000000000000e+02
2.380000000000000000e+02
2.529000000000000000e+03
3.641000000000000000e+03
5.100000000000000000e+01
2.380000000000000000e+02
1.508000000000000000e+03
3.713000000000000000e+03
6.320000000000000000e+02
1.504000000000000000e+03
1.070000000000000000e+02
2.196000000000000000e+03
3.606000000000000000e+03
1.373000000000000000e+03
2.587000000000000000e+03
2.292000000000000000e+03
1.593000000000000000e+03
2.869000000000000000e+03
1.620000000000000000e+03
2.777000000000000000e+03
2.392000000000000000e+03
4.210000000000000000e+02
1.796000000000000000e+03
3.815000000000000000e+03
1.370000000000000000e+03
1.465000000000000000e+03
3.469000000000000000e+03
2.909000000000000000e+03
2.561000000000000000e+03
3.574000000000000000e+03
3.901000000000000000e+03
3.733000000000000000e+03
4.200000000000000000e+02
5.990000000000000000e+02
3.574000000000000000e+03
2.167000000000000000e+03
1.453000000000000000e+03
5.920000000000000000e+02
1.840000000000000000e+02
2.233000000000000000e+03
2.063000000000000000e+03
2.972000000000000000e+03
5.140000000000000000e+02
2.506000000000000000e+03
3.036000000000000000e+03
7.250000000000000000e+02
4.700000000000000000e+01
3.629000000000000000e+03
3.380000000000000000e+02
2.340000000000000000e+02
3.848000000000000000e+03
2.240000000000000000e+02
2.465000000000000000e+03
1.055000000000000000e+03
1.760000000000000000e+02
1.735000000000000000e+03
3.951000000000000000e+03
3.459000000000000000e+03
3.776000000000000000e+03
8.780000000000000000e+02
3.020000000000000000e+03
1.282000000000000000e+03
3.486000000000000000e+03
3.196000000000000000e+03
1.345000000000000000e+03
3.094000000000000000e+03
1.667000000000000000e+03
5.230000000000000000e+02
7.730000000000000000e+02
1.019000000000000000e+03
3.266000000000000000e+03
2.854000000000000000e+03
1.361000000000000000e+03
8.040000000000000000e+02
3.660000000000000000e+03
2.759000000000000000e+03
3.430000000000000000e+02
3.156000000000000000e+03
1.858000000000000000e+03
3.340000000000000000e+02
2.506000000000000000e+03
1.085000000000000000e+03
1.219000000000000000e+03
7.000000000000000000e+00
3.656000000000000000e+03
2.560000000000000000e+02
2.132000000000000000e+03
3.623000000000000000e+03
3.360000000000000000e+02
3.879000000000000000e+03
2.206000000000000000e+03
8.080000000000000000e+02
3.330000000000000000e+02
3.179000000000000000e+03
8.400000000000000000e+02
1.274000000000000000e+03
2.425000000000000000e+03
1.034000000000000000e+03
1.735000000000000000e+03
2.352000000000000000e+03
1.930000000000000000e+03
1.224000000000000000e+03
7.540000000000000000e+02
5.140000000000000000e+02
3.156000000000000000e+03
2.292000000000000000e+03
2.332000000000000000e+03
2.105000000000000000e+03
1.341000000000000000e+03
1.920000000000000000e+02
5.710000000000000000e+02
2.177000000000000000e+03
3.290000000000000000e+02
2.264000000000000000e+03
4.350000000000000000e+02
3.211000000000000000e+03
8.080000000000000000e+02
3.781000000000000000e+03
2.300000000000000000e+01
3.378000000000000000e+03
3.744000000000000000e+03
5.400000000000000000e+02
4.090000000000000000e+02
2.303000000000000000e+03
6.300000000000000000e+02
2.292000000000000000e+03
1.240000000000000000e+03
3.882000000000000000e+03
3.815000000000000000e+03
3.276000000000000000e+03
2.465000000000000000e+03
1.504000000000000000e+03
3.527000000000000000e+03
3.770000000000000000e+02
9.800000000000000000e+01
1.203000000000000000e+03
3.422000000000000000e+03
8.000000000000000000e+00
3.289000000000000000e+03
3.351000000000000000e+03
7.540000000000000000e+02
1.926000000000000000e+03
2.843000000000000000e+03
1.537000000000000000e+03
3.288000000000000000e+03
2.924000000000000000e+03
1.571000000000000000e+03
1.649000000000000000e+03
2.648000000000000000e+03
2.392000000000000000e+03
5.000000000000000000e+01
2.177000000000000000e+03
3.745000000000000000e+03
1.620000000000000000e+03
7.570000000000000000e+02
6.480000000000000000e+02
2.780000000000000000e+02
3.340000000000000000e+02
1.631000000000000000e+03
2.303000000000000000e+03
2.107000000000000000e+03
1.658000000000000000e+03
1.693000000000000000e+03
2.239000000000000000e+03
1.239000000000000000e+03
3.720000000000000000e+02
3.254000000000000000e+03
1.713000000000000000e+03
1.079000000000000000e+03
1.373000000000000000e+03
2.266000000000000000e+03
3.399000000000000000e+03
1.597000000000000000e+03
3.378000000000000000e+03
2.002000000000000000e+03
2.992000000000000000e+03
6.930000000000000000e+02
1.930000000000000000e+03
1.649000000000000000e+03
1.396000000000000000e+03
8.820000000000000000e+02
3.292000000000000000e+03
1.292000000000000000e+03
3.021000000000000000e+03
1.013000000000000000e+03
4.120000000000000000e+02
3.614000000000000000e+03
1.508000000000000000e+03
1.217000000000000000e+03
3.411000000000000000e+03
2.340000000000000000e+02
3.180000000000000000e+02
8.400000000000000000e+02
1.465000000000000000e+03
1.614000000000000000e+03
4.600000000000000000e+01
2.110000000000000000e+02
1.991000000000000000e+03
3.009000000000000000e+03
1.403000000000000000e+03
2.021000000000000000e+03
3.277000000000000000e+03
2.635000000000000000e+03
2.267000000000000000e+03
1.615000000000000000e+03
3.458000000000000000e+03
1.666000000000000000e+03
2.122000000000000000e+03
2.695000000000000000e+03
3.187000000000000000e+03
1.399000000000000000e+03
2.208000000000000000e+03
2.305000000000000000e+03
3.866000000000000000e+03
3.766000000000000000e+03
3.506000000000000000e+03
1.237000000000000000e+03
1.740000000000000000e+02
1.924000000000000000e+03
8.850000000000000000e+02
2.016000000000000000e+03
3.180000000000000000e+03
3.363000000000000000e+03
1.926000000000000000e+03
3.055000000000000000e+03
2.117000000000000000e+03
2.175000000000000000e+03
8.820000000000000000e+02
6.770000000000000000e+02
3.411000000000000000e+03
3.544000000000000000e+03
5.280000000000000000e+02
2.672000000000000000e+03
1.370000000000000000e+03
3.810000000000000000e+02
2.986000000000000000e+03
7.540000000000000000e+02
3.040000000000000000e+02
2.708000000000000000e+03
2.167000000000000000e+03
1.735000000000000000e+03
3.589000000000000000e+03
2.266000000000000000e+03
2.218000000000000000e+03
2.493000000000000000e+03
1.116000000000000000e+03
7.580000000000000000e+02
1.664000000000000000e+03
4.120000000000000000e+02
3.878000000000000000e+03
3.470000000000000000e+03
5.400000000000000000e+02
3.411000000000000000e+03
3.411000000000000000e+03
3.815000000000000000e+03
3.765000000000000000e+03
1.941000000000000000e+03
2.658000000000000000e+03
3.889000000000000000e+03
2.576000000000000000e+03
1.116000000000000000e+03
9.660000000000000000e+02
3.249000000000000000e+03
3.286000000000000000e+03
1.477000000000000000e+03
4.350000000000000000e+02
2.506000000000000000e+03
3.770000000000000000e+02
3.770000000000000000e+02
9.070000000000000000e+02
5.230000000000000000e+02
1.403000000000000000e+03
1.255000000000000000e+03
2.570000000000000000e+02
2.316000000000000000e+03
3.871000000000000000e+03
1.344000000000000000e+03
7.890000000000000000e+02
4.350000000000000000e+02
9.790000000000000000e+02
3.286000000000000000e+03
1.355000000000000000e+03
2.093000000000000000e+03
2.420000000000000000e+02
1.157000000000000000e+03
2.560000000000000000e+02
3.827000000000000000e+03
1.129000000000000000e+03
1.516000000000000000e+03
1.219000000000000000e+03
1.313000000000000000e+03
1.453000000000000000e+03
2.132000000000000000e+03
3.793000000000000000e+03
1.373000000000000000e+03
2.542000000000000000e+03
2.063000000000000000e+03
6.330000000000000000e+02
3.646000000000000000e+03
3.411000000000000000e+03
1.814000000000000000e+03
2.042000000000000000e+03
1.221000000000000000e+03
2.558000000000000000e+03
2.390000000000000000e+03
3.879000000000000000e+03
1.361000000000000000e+03
3.580000000000000000e+02
1.670000000000000000e+03
3.306000000000000000e+03
1.830000000000000000e+02
2.003000000000000000e+03
3.120000000000000000e+02
9.630000000000000000e+02
1.240000000000000000e+03
3.914000000000000000e+03
2.865000000000000000e+03
3.320000000000000000e+03
3.180000000000000000e+02
1.858000000000000000e+03
2.316000000000000000e+03
2.583000000000000000e+03
5.230000000000000000e+02
2.934000000000000000e+03
5.980000000000000000e+02
3.576000000000000000e+03
2.117000000000000000e+03
1.781000000000000000e+03
1.799000000000000000e+03
1.898000000000000000e+03
1.315000000000000000e+03
2.708000000000000000e+03
1.940000000000000000e+03
1.370000000000000000e+03
9.800000000000000000e+01
3.623000000000000000e+03
3.574000000000000000e+03
2.188000000000000000e+03
3.638000000000000000e+03
2.440000000000000000e+02
7.890000000000000000e+02
1.221000000000000000e+03
3.574000000000000000e+03
4.450000000000000000e+02
3.020000000000000000e+03
2.002000000000000000e+03
1.620000000000000000e+03
4.050000000000000000e+02
3.866000000000000000e+03
3.368000000000000000e+03
3.786000000000000000e+03
2.392000000000000000e+03
1.403000000000000000e+03
2.899000000000000000e+03
2.598000000000000000e+03
2.110000000000000000e+02
3.700000000000000000e+01
1.453000000000000000e+03
3.085000000000000000e+03
2.900000000000000000e+03
1.504000000000000000e+03
2.066000000000000000e+03
3.249000000000000000e+03
3.289000000000000000e+03
3.567000000000000000e+03
1.994000000000000000e+03
1.203000000000000000e+03
3.583000000000000000e+03
1.620000000000000000e+03
3.180000000000000000e+03
2.652000000000000000e+03
1.401000000000000000e+03
2.230000000000000000e+02
3.454000000000000000e+03
2.934000000000000000e+03
3.380000000000000000e+02
3.866000000000000000e+03
1.940000000000000000e+03
3.581000000000000000e+03
2.160000000000000000e+03
2.230000000000000000e+02
2.660000000000000000e+02
2.226000000000000000e+03
1.373000000000000000e+03
2.409000000000000000e+03
1.714000000000000000e+03
1.979000000000000000e+03
3.490000000000000000e+03
1.330000000000000000e+03
2.230000000000000000e+02
3.260000000000000000e+02
2.184000000000000000e+03
2.123000000000000000e+03
3.419000000000000000e+03
7.500000000000000000e+02
2.496000000000000000e+03
3.506000000000000000e+03
3.467000000000000000e+03
3.081000000000000000e+03
2.614000000000000000e+03
3.726000000000000000e+03
2.333000000000000000e+03
2.135000000000000000e+03
8.930000000000000000e+02
2.063000000000000000e+03
3.676000000000000000e+03
2.378000000000000000e+03
2.925000000000000000e+03
7.950000000000000000e+02
3.380000000000000000e+02
1.403000000000000000e+03
1.736000000000000000e+03
1.714000000000000000e+03
8.290000000000000000e+02
5.950000000000000000e+02
3.781000000000000000e+03
4.730000000000000000e+02
2.720000000000000000e+03
2.425000000000000000e+03
1.881000000000000000e+03
2.920000000000000000e+02
1.814000000000000000e+03
3.254000000000000000e+03
1.504000000000000000e+03
3.411000000000000000e+03
3.435000000000000000e+03
1.632000000000000000e+03
2.697000000000000000e+03
3.878000000000000000e+03
1.150000000000000000e+03
2.392000000000000000e+03
1.146000000000000000e+03
2.387000000000000000e+03
3.419000000000000000e+03
3.772000000000000000e+03
2.535000000000000000e+03
3.270000000000000000e+03
1.593000000000000000e+03
3.009000000000000000e+03
3.150000000000000000e+03
5.140000000000000000e+02
2.175000000000000000e+03
1.920000000000000000e+02
1.067000000000000000e+03
1.465000000000000000e+03
2.812000000000000000e+03
3.065000000000000000e+03
3.435000000000000000e+03
7.500000000000000000e+02
4.000000000000000000e+00
3.411000000000000000e+03
4.090000000000000000e+02
3.055000000000000000e+03
3.046000000000000000e+03
7.860000000000000000e+02
2.267000000000000000e+03
4.050000000000000000e+02
3.065000000000000000e+03
2.858000000000000000e+03
3.180000000000000000e+02
3.370000000000000000e+02
3.662000000000000000e+03
3.755000000000000000e+03
5.150000000000000000e+02
3.629000000000000000e+03
3.411000000000000000e+03
3.485000000000000000e+03
2.792000000000000000e+03
3.784000000000000000e+03
3.318000000000000000e+03
2.270000000000000000e+02
6.110000000000000000e+02
7.050000000000000000e+02
2.907000000000000000e+03
2.016000000000000000e+03
7.540000000000000000e+02
2.051000000000000000e+03
2.822000000000000000e+03
3.447000000000000000e+03
3.574000000000000000e+03
1.330000000000000000e+03
2.984000000000000000e+03
3.174000000000000000e+03
2.974000000000000000e+03
3.908000000000000000e+03
4.350000000000000000e+02
5.900000000000000000e+01
2.516000000000000000e+03
1.605000000000000000e+03
2.658000000000000000e+03
3.520000000000000000e+03
1.668000000000000000e+03
3.848000000000000000e+03
3.589000000000000000e+03
1.545000000000000000e+03
2.267000000000000000e+03
1.237000000000000000e+03
3.399000000000000000e+03
2.401000000000000000e+03
4.420000000000000000e+02
3.558000000000000000e+03
1.345000000000000000e+03
3.520000000000000000e+03
1.822000000000000000e+03
1.164000000000000000e+03
3.956000000000000000e+03
3.318000000000000000e+03
8.820000000000000000e+02
3.827000000000000000e+03
3.878000000000000000e+03
2.378000000000000000e+03
2.142000000000000000e+03
3.646000000000000000e+03
3.456000000000000000e+03
2.780000000000000000e+02
3.896000000000000000e+03
2.177000000000000000e+03
3.820000000000000000e+02
1.560000000000000000e+02
1.812000000000000000e+03
2.292000000000000000e+03
2.808000000000000000e+03
2.570000000000000000e+02
3.018000000000000000e+03
3.030000000000000000e+02
3.550000000000000000e+02
1.649000000000000000e+03
3.693000000000000000e+03
3.046000000000000000e+03
2.970000000000000000e+03
2.729000000000000000e+03
2.506000000000000000e+03
3.678000000000000000e+03
3.448000000000000000e+03
1.808000000000000000e+03
7.550000000000000000e+02
1.632000000000000000e+03
8.480000000000000000e+02
2.021000000000000000e+03
1.633000000000000000e+03
2.135000000000000000e+03
2.042000000000000000e+03
8.000000000000000000e+01
1.537000000000000000e+03
2.812000000000000000e+03
1.070000000000000000e+02
1.341000000000000000e+03
7.890000000000000000e+02
2.752000000000000000e+03
2.903000000000000000e+03
1.924000000000000000e+03
1.924000000000000000e+03
8.820000000000000000e+02
1.237000000000000000e+03
3.678000000000000000e+03
2.753000000000000000e+03
1.255000000000000000e+03
6.720000000000000000e+02
3.784000000000000000e+03
1.659000000000000000e+03
9.710000000000000000e+02
6.740000000000000000e+02
3.109000000000000000e+03
7.150000000000000000e+02
2.792000000000000000e+03
8.290000000000000000e+02
8.980000000000000000e+02
8.480000000000000000e+02
3.558000000000000000e+03
1.771000000000000000e+03
2.094000000000000000e+03
3.400000000000000000e+03
3.871000000000000000e+03
1.224000000000000000e+03
1.300000000000000000e+01
3.550000000000000000e+02
3.666000000000000000e+03
3.120000000000000000e+02
1.203000000000000000e+03
3.550000000000000000e+02
4.120000000000000000e+02
1.245000000000000000e+03
8.480000000000000000e+02
3.110000000000000000e+02
3.208000000000000000e+03
3.454000000000000000e+03
2.322000000000000000e+03
1.304000000000000000e+03
1.019000000000000000e+03
1.735000000000000000e+03
2.570000000000000000e+02
1.637000000000000000e+03
7.540000000000000000e+02
6.140000000000000000e+02
2.002000000000000000e+03
2.230000000000000000e+02
1.373000000000000000e+03
8.960000000000000000e+02
1.597000000000000000e+03
7.050000000000000000e+02
3.411000000000000000e+03
1.344000000000000000e+03
2.974000000000000000e+03
1.614000000000000000e+03
5.310000000000000000e+02
1.620000000000000000e+03
2.195000000000000000e+03
3.023000000000000000e+03
1.294000000000000000e+03
1.920000000000000000e+03
2.062000000000000000e+03
5.100000000000000000e+02
1.551000000000000000e+03
3.901000000000000000e+03
1.569000000000000000e+03
3.506000000000000000e+03
4.770000000000000000e+02
1.282000000000000000e+03
3.402000000000000000e+03
3.914000000000000000e+03
1.255000000000000000e+03
1.219000000000000000e+03
2.984000000000000000e+03
3.256000000000000000e+03
3.815000000000000000e+03
7.380000000000000000e+02
1.926000000000000000e+03
3.520000000000000000e+03
3.726000000000000000e+03
1.370000000000000000e+03
1.237000000000000000e+03
1.294000000000000000e+03
1.675000000000000000e+03
3.666000000000000000e+03
1.614000000000000000e+03
2.421000000000000000e+03
3.177000000000000000e+03
3.411000000000000000e+03
3.590000000000000000e+02
4.350000000000000000e+02
8.850000000000000000e+02
5.280000000000000000e+02
2.900000000000000000e+03
2.792000000000000000e+03
1.504000000000000000e+03
1.157000000000000000e+03
7.010000000000000000e+02
1.240000000000000000e+03
2.303000000000000000e+03
3.506000000000000000e+03
1.920000000000000000e+03
3.520000000000000000e+03
2.392000000000000000e+03
1.668000000000000000e+03
1.602000000000000000e+03
2.058000000000000000e+03
1.060000000000000000e+02
3.929000000000000000e+03
1.203000000000000000e+03
2.332000000000000000e+03
1.504000000000000000e+03
1.751000000000000000e+03
3.638000000000000000e+03
1.972000000000000000e+03
3.370000000000000000e+02
2.027000000000000000e+03
1.292000000000000000e+03
3.870000000000000000e+03
3.252000000000000000e+03
3.419000000000000000e+03
1.399000000000000000e+03
2.022000000000000000e+03
2.972000000000000000e+03
2.006000000000000000e+03
3.009000000000000000e+03
3.222000000000000000e+03
7.250000000000000000e+02
2.070000000000000000e+02
2.869000000000000000e+03
3.252000000000000000e+03
1.219000000000000000e+03
2.130000000000000000e+03
1.237000000000000000e+03
2.996000000000000000e+03
1.423000000000000000e+03
2.550000000000000000e+03
3.849000000000000000e+03
3.755000000000000000e+03
1.812000000000000000e+03
5.710000000000000000e+02
3.458000000000000000e+03
1.745000000000000000e+03
2.570000000000000000e+02
1.484000000000000000e+03
2.151000000000000000e+03
2.620000000000000000e+03
3.890000000000000000e+02
2.177000000000000000e+03
2.287000000000000000e+03
2.063000000000000000e+03
1.326000000000000000e+03
3.241000000000000000e+03
2.752000000000000000e+03
3.085000000000000000e+03
3.062000000000000000e+03
4.470000000000000000e+02
2.520000000000000000e+02
4.530000000000000000e+02
1.796000000000000000e+03
2.420000000000000000e+03
2.609000000000000000e+03
3.320000000000000000e+03
3.934000000000000000e+03
3.784000000000000000e+03
3.055000000000000000e+03
1.812000000000000000e+03
2.425000000000000000e+03
2.903000000000000000e+03
1.453000000000000000e+03
3.446000000000000000e+03
1.424000000000000000e+03
3.110000000000000000e+02
3.793000000000000000e+03
3.272000000000000000e+03
2.970000000000000000e+03
3.228000000000000000e+03
1.221000000000000000e+03
2.218000000000000000e+03
8.780000000000000000e+02
1.598000000000000000e+03
1.424000000000000000e+03
1.086000000000000000e+03
4.000000000000000000e+00
1.806000000000000000e+03
1.628000000000000000e+03
3.720000000000000000e+02
1.564000000000000000e+03
3.945000000000000000e+03
2.992000000000000000e+03
9.630000000000000000e+02
3.558000000000000000e+03
4.520000000000000000e+02
7.350000000000000000e+02
5.960000000000000000e+02
3.345000000000000000e+03
1.241000000000000000e+03
7.890000000000000000e+02
1.360000000000000000e+02
8.290000000000000000e+02
1.506000000000000000e+03
5.980000000000000000e+02
2.812000000000000000e+03
1.620000000000000000e+03
2.509000000000000000e+03
3.708000000000000000e+03
2.230000000000000000e+02
2.332000000000000000e+03
1.238000000000000000e+03
1.812000000000000000e+03
2.939000000000000000e+03
3.672000000000000000e+03
2.972000000000000000e+03
2.593000000000000000e+03
3.589000000000000000e+03
2.112000000000000000e+03
2.465000000000000000e+03
5.660000000000000000e+02
3.485000000000000000e+03
7.050000000000000000e+02
2.912000000000000000e+03
9.600000000000000000e+01
3.331000000000000000e+03
3.641000000000000000e+03
2.568000000000000000e+03
2.407000000000000000e+03
4.730000000000000000e+02
3.686000000000000000e+03
3.810000000000000000e+02
9.000000000000000000e+02
3.653000000000000000e+03
3.766000000000000000e+03
1.207000000000000000e+03
1.219000000000000000e+03
1.806000000000000000e+03
6.720000000000000000e+02
3.288000000000000000e+03
1.830000000000000000e+02
3.670000000000000000e+02
3.289000000000000000e+03
3.021000000000000000e+03
4.280000000000000000e+02
2.843000000000000000e+03
3.647000000000000000e+03
2.878000000000000000e+03
1.974000000000000000e+03
2.013000000000000000e+03
3.674000000000000000e+03
3.640000000000000000e+03
1.224000000000000000e+03
3.196000000000000000e+03
1.840000000000000000e+02
1.504000000000000000e+03
2.392000000000000000e+03
9.120000000000000000e+02
1.221000000000000000e+03
1.028000000000000000e+03
2.270000000000000000e+03
8.980000000000000000e+02
5.990000000000000000e+02
2.509000000000000000e+03
1.255000000000000000e+03
4.530000000000000000e+02
2.425000000000000000e+03
1.316000000000000000e+03
6.560000000000000000e+02
5.140000000000000000e+02
5.140000000000000000e+02
3.899000000000000000e+03
4.200000000000000000e+02
3.411000000000000000e+03
2.899000000000000000e+03
3.400000000000000000e+03
2.652000000000000000e+03
8.040000000000000000e+02
2.913000000000000000e+03
4.210000000000000000e+02
8.650000000000000000e+02
5.470000000000000000e+02
8.850000000000000000e+02
1.849000000000000000e+03
1.176000000000000000e+03
3.603000000000000000e+03
3.631000000000000000e+03
1.651000000000000000e+03
2.841000000000000000e+03
5.310000000000000000e+02
1.058000000000000000e+03
1.620000000000000000e+03
1.058000000000000000e+03
2.780000000000000000e+02
2.013000000000000000e+03
2.789000000000000000e+03
1.691000000000000000e+03
1.330000000000000000e+03
1.355000000000000000e+03
1.516000000000000000e+03
2.561000000000000000e+03
1.292000000000000000e+03
3.156000000000000000e+03
8.950000000000000000e+02
1.633000000000000000e+03
9.490000000000000000e+02
1.060000000000000000e+02
3.462000000000000000e+03
2.520000000000000000e+02
2.509000000000000000e+03
2.177000000000000000e+03
2.561000000000000000e+03
3.583000000000000000e+03
9.080000000000000000e+02
3.509000000000000000e+03
6.360000000000000000e+02
1.286000000000000000e+03
2.111000000000000000e+03
2.410000000000000000e+03
3.296000000000000000e+03
1.900000000000000000e+02
3.485000000000000000e+03
3.896000000000000000e+03
8.400000000000000000e+02
3.878000000000000000e+03
2.442000000000000000e+03
5.230000000000000000e+02
2.992000000000000000e+03
7.100000000000000000e+01
1.806000000000000000e+03
3.793000000000000000e+03
2.939000000000000000e+03
2.208000000000000000e+03
1.237000000000000000e+03
3.190000000000000000e+02
2.540000000000000000e+03
2.433000000000000000e+03
3.152000000000000000e+03
2.899000000000000000e+03
2.160000000000000000e+03
2.529000000000000000e+03
1.228000000000000000e+03
1.496000000000000000e+03
3.184000000000000000e+03
2.744000000000000000e+03
3.046000000000000000e+03
2.095000000000000000e+03
2.267000000000000000e+03
2.970000000000000000e+03
2.587000000000000000e+03
2.226000000000000000e+03
1.620000000000000000e+03
1.511000000000000000e+03
5.000000000000000000e+01
2.130000000000000000e+03
2.182000000000000000e+03
3.848000000000000000e+03
3.781000000000000000e+03
3.678000000000000000e+03
1.171000000000000000e+03
2.006000000000000000e+03
3.956000000000000000e+03
1.659000000000000000e+03
3.380000000000000000e+02
2.112000000000000000e+03
1.240000000000000000e+03
2.270000000000000000e+03
3.228000000000000000e+03
3.506000000000000000e+03
3.827000000000000000e+03
1.345000000000000000e+03
1.486000000000000000e+03
1.615000000000000000e+03
1.237000000000000000e+03
1.035000000000000000e+03
3.430000000000000000e+02
2.652000000000000000e+03
2.744000000000000000e+03
3.428000000000000000e+03
2.505000000000000000e+03
2.260000000000000000e+02
6.310000000000000000e+02
3.257000000000000000e+03
1.034000000000000000e+03
3.690000000000000000e+03
2.132000000000000000e+03
1.172000000000000000e+03
2.903000000000000000e+03
1.292000000000000000e+03
2.491000000000000000e+03
1.504000000000000000e+03
1.713000000000000000e+03
5.150000000000000000e+02
1.284000000000000000e+03
2.550000000000000000e+02
2.267000000000000000e+03
1.667000000000000000e+03
6.940000000000000000e+02
3.703000000000000000e+03
1.332000000000000000e+03
3.744000000000000000e+03
2.003000000000000000e+03
2.208000000000000000e+03
2.182000000000000000e+03
1.096000000000000000e+03
1.207000000000000000e+03
6.300000000000000000e+02
3.702000000000000000e+03
8.520000000000000000e+02
4.000000000000000000e+00
3.360000000000000000e+02
9.810000000000000000e+02
2.265000000000000000e+03
3.152000000000000000e+03
1.312000000000000000e+03
5.290000000000000000e+02
1.012000000000000000e+03
1.107000000000000000e+03
1.237000000000000000e+03
3.419000000000000000e+03
1.430000000000000000e+02
8.820000000000000000e+02
2.066000000000000000e+03
2.142000000000000000e+03
2.729000000000000000e+03
1.796000000000000000e+03
3.596000000000000000e+03
1.559000000000000000e+03
2.787000000000000000e+03
5.140000000000000000e+02
1.571000000000000000e+03
1.240000000000000000e+03
3.340000000000000000e+02
3.504000000000000000e+03
2.442000000000000000e+03
1.224000000000000000e+03
1.531000000000000000e+03
2.510000000000000000e+03
3.233000000000000000e+03
2.132000000000000000e+03
3.462000000000000000e+03
3.180000000000000000e+03
3.537000000000000000e+03
1.333000000000000000e+03
2.449000000000000000e+03
1.940000000000000000e+03
3.124000000000000000e+03
7.250000000000000000e+02
4.120000000000000000e+02
3.042000000000000000e+03
1.019000000000000000e+03
5.400000000000000000e+02
1.486000000000000000e+03
3.052000000000000000e+03
2.588000000000000000e+03
1.841000000000000000e+03
4.520000000000000000e+02
2.934000000000000000e+03
3.179000000000000000e+03
3.766000000000000000e+03
3.854000000000000000e+03
2.070000000000000000e+03
1.241000000000000000e+03
1.668000000000000000e+03
5.960000000000000000e+02
1.928000000000000000e+03
2.010000000000000000e+02
3.249000000000000000e+03
2.135000000000000000e+03
3.012000000000000000e+03
2.523000000000000000e+03
1.593000000000000000e+03
1.995000000000000000e+03
3.854000000000000000e+03
3.179000000000000000e+03
2.063000000000000000e+03
1.203000000000000000e+03
3.606000000000000000e+03
3.937000000000000000e+03
2.493000000000000000e+03
6.700000000000000000e+01
3.456000000000000000e+03
3.030000000000000000e+02
2.239000000000000000e+03
2.598000000000000000e+03
1.689000000000000000e+03
1.289000000000000000e+03
5.980000000000000000e+02
2.184000000000000000e+03
1.632000000000000000e+03
3.177000000000000000e+03
9.630000000000000000e+02
2.373000000000000000e+03
3.276000000000000000e+03
2.195000000000000000e+03
1.190000000000000000e+02
6.200000000000000000e+01
3.400000000000000000e+03
2.030000000000000000e+02
1.924000000000000000e+03
1.668000000000000000e+03
2.560000000000000000e+02
3.286000000000000000e+03
3.411000000000000000e+03
2.708000000000000000e+03
7.500000000000000000e+02
3.849000000000000000e+03
3.180000000000000000e+02
7.580000000000000000e+02
6.380000000000000000e+02
5.290000000000000000e+02
2.057000000000000000e+03
8.780000000000000000e+02
4.210000000000000000e+02
8.520000000000000000e+02
2.177000000000000000e+03
3.899000000000000000e+03
2.392000000000000000e+03
7.250000000000000000e+02
8.040000000000000000e+02
1.483000000000000000e+03
2.184000000000000000e+03
3.340000000000000000e+02
3.776000000000000000e+03
4.350000000000000000e+02
6.300000000000000000e+02
2.175000000000000000e+03
7.540000000000000000e+02
9.870000000000000000e+02
4.450000000000000000e+02
6.170000000000000000e+02
1.399000000000000000e+03
6.360000000000000000e+02
3.238000000000000000e+03
2.387000000000000000e+03
1.620000000000000000e+03
3.666000000000000000e+03
3.811000000000000000e+03
3.744000000000000000e+03
2.907000000000000000e+03
2.330000000000000000e+02
1.605000000000000000e+03
2.409000000000000000e+03
3.550000000000000000e+02
2.600000000000000000e+03
1.849000000000000000e+03
4.450000000000000000e+02
1.344000000000000000e+03
3.879000000000000000e+03
3.879000000000000000e+03
1.217000000000000000e+03
3.520000000000000000e+03
1.693000000000000000e+03
3.929000000000000000e+03
3.030000000000000000e+02
2.350000000000000000e+03
1.632000000000000000e+03
1.881000000000000000e+03
1.483000000000000000e+03
3.411000000000000000e+03
1.670000000000000000e+03
3.820000000000000000e+02
1.483000000000000000e+03
7.540000000000000000e+02
3.244000000000000000e+03
1.368000000000000000e+03
1.433000000000000000e+03
3.666000000000000000e+03
1.287000000000000000e+03
2.970000000000000000e+03
1.799000000000000000e+03
2.147000000000000000e+03
3.380000000000000000e+02
1.796000000000000000e+03
2.100000000000000000e+02
2.227000000000000000e+03
3.055000000000000000e+03
2.226000000000000000e+03
1.694000000000000000e+03
7.540000000000000000e+02
2.550000000000000000e+02
2.570000000000000000e+02
2.352000000000000000e+03
1.573000000000000000e+03
8.470000000000000000e+02
2.010000000000000000e+02
1.545000000000000000e+03
3.638000000000000000e+03
7.010000000000000000e+02
7.250000000000000000e+02
2.340000000000000000e+02
1.396000000000000000e+03
2.190000000000000000e+03
1.794000000000000000e+03
2.753000000000000000e+03
3.230000000000000000e+03
2.787000000000000000e+03
2.292000000000000000e+03
1.745000000000000000e+03
2.624000000000000000e+03
9.140000000000000000e+02
1.940000000000000000e+03
3.693000000000000000e+03
3.411000000000000000e+03
7.500000000000000000e+02
1.373000000000000000e+03
2.448000000000000000e+03
1.750000000000000000e+03
1.224000000000000000e+03
3.929000000000000000e+03
1.504000000000000000e+03
1.684000000000000000e+03
1.465000000000000000e+03
3.380000000000000000e+02
7.540000000000000000e+02
3.009000000000000000e+03
2.064000000000000000e+03
3.156000000000000000e+03
3.614000000000000000e+03
3.641000000000000000e+03
2.436000000000000000e+03
1.746000000000000000e+03
2.516000000000000000e+03
3.614000000000000000e+03
2.507000000000000000e+03
8.850000000000000000e+02
3.919000000000000000e+03
2.270000000000000000e+03
1.355000000000000000e+03
2.128000000000000000e+03
2.828000000000000000e+03
3.046000000000000000e+03
2.568000000000000000e+03
1.298000000000000000e+03
3.180000000000000000e+03
3.660000000000000000e+03
2.664000000000000000e+03
1.849000000000000000e+03
3.020000000000000000e+03
8.250000000000000000e+02
3.666000000000000000e+03
1.670000000000000000e+03
1.233000000000000000e+03
6.940000000000000000e+02
2.406000000000000000e+03
2.208000000000000000e+03
2.270000000000000000e+02
3.411000000000000000e+03
1.330000000000000000e+03
4.350000000000000000e+02
2.673000000000000000e+03
7.300000000000000000e+02
2.340000000000000000e+02
2.332000000000000000e+03
3.030000000000000000e+02
2.160000000000000000e+03
1.060000000000000000e+02
2.576000000000000000e+03
6.560000000000000000e+02
2.729000000000000000e+03
1.423000000000000000e+03
3.815000000000000000e+03
1.240000000000000000e+03
6.940000000000000000e+02
1.522000000000000000e+03
1.633000000000000000e+03
1.920000000000000000e+03
1.859000000000000000e+03
6.720000000000000000e+02
2.429000000000000000e+03
2.729000000000000000e+03
4.350000000000000000e+02
4.120000000000000000e+02
3.953000000000000000e+03
8.960000000000000000e+02
8.520000000000000000e+02
3.536000000000000000e+03
7.040000000000000000e+02
7.540000000000000000e+02
7.730000000000000000e+02
1.219000000000000000e+03
1.370000000000000000e+03
3.882000000000000000e+03
3.860000000000000000e+02
1.484000000000000000e+03
2.350000000000000000e+03
3.810000000000000000e+02
3.577000000000000000e+03
3.220000000000000000e+02
1.034000000000000000e+03
3.506000000000000000e+03
2.432000000000000000e+03
3.253000000000000000e+03
1.370000000000000000e+03
3.300000000000000000e+01
3.091000000000000000e+03
1.367000000000000000e+03
2.680000000000000000e+03
3.023000000000000000e+03
3.726000000000000000e+03
7.350000000000000000e+02
6.100000000000000000e+01
8.850000000000000000e+02
6.910000000000000000e+02
2.980000000000000000e+02
1.358000000000000000e+03
1.398000000000000000e+03
3.506000000000000000e+03
8.500000000000000000e+02
6.310000000000000000e+02
1.099000000000000000e+03
1.128000000000000000e+03
2.243000000000000000e+03
8.040000000000000000e+02
6.910000000000000000e+02
8.400000000000000000e+02
1.504000000000000000e+03
3.578000000000000000e+03
7.580000000000000000e+02
1.924000000000000000e+03
1.403000000000000000e+03
1.938000000000000000e+03
2.333000000000000000e+03
2.960000000000000000e+03
3.009000000000000000e+03
2.992000000000000000e+03
4.700000000000000000e+01
2.660000000000000000e+03
1.287000000000000000e+03
2.782000000000000000e+03
1.172000000000000000e+03
3.703000000000000000e+03
3.567000000000000000e+03
3.454000000000000000e+03
1.424000000000000000e+03
1.760000000000000000e+02
1.796000000000000000e+03
4.450000000000000000e+02
1.453000000000000000e+03
2.595000000000000000e+03
2.780000000000000000e+03
2.664000000000000000e+03
1.998000000000000000e+03
1.689000000000000000e+03
8.650000000000000000e+02
3.516000000000000000e+03
2.586000000000000000e+03
3.793000000000000000e+03
1.892000000000000000e+03
1.693000000000000000e+03
1.237000000000000000e+03
2.465000000000000000e+03
3.430000000000000000e+02
7.540000000000000000e+02
5.310000000000000000e+02
7.890000000000000000e+02
3.899000000000000000e+03
5.100000000000000000e+01
3.703000000000000000e+03
1.649000000000000000e+03
2.373000000000000000e+03
3.139000000000000000e+03
3.776000000000000000e+03
2.965000000000000000e+03
1.796000000000000000e+03
4.280000000000000000e+02
9.920000000000000000e+02
1.203000000000000000e+03
3.187000000000000000e+03
1.334000000000000000e+03
1.483000000000000000e+03
2.190000000000000000e+03
9.750000000000000000e+02
2.469000000000000000e+03
2.013000000000000000e+03
9.510000000000000000e+02
3.700000000000000000e+02
6.000000000000000000e+00
3.279000000000000000e+03
1.797000000000000000e+03
3.811000000000000000e+03
1.316000000000000000e+03
1.052000000000000000e+03
1.444000000000000000e+03
9.890000000000000000e+02
1.803000000000000000e+03
1.894000000000000000e+03
3.218000000000000000e+03
3.320000000000000000e+03
1.970000000000000000e+02
2.523000000000000000e+03
3.516000000000000000e+03
3.411000000000000000e+03
1.424000000000000000e+03
7.550000000000000000e+02
2.493000000000000000e+03
2.934000000000000000e+03
2.392000000000000000e+03
2.177000000000000000e+03
2.869000000000000000e+03
1.938000000000000000e+03
1.406000000000000000e+03
1.203000000000000000e+03
8.930000000000000000e+02
2.506000000000000000e+03
1.316000000000000000e+03
1.162000000000000000e+03
1.155000000000000000e+03
2.160000000000000000e+03
2.035000000000000000e+03
1.823000000000000000e+03
2.340000000000000000e+02
2.380000000000000000e+02
1.207000000000000000e+03
9.930000000000000000e+02
1.667000000000000000e+03
3.810000000000000000e+02
8.850000000000000000e+02
1.827000000000000000e+03
1.712000000000000000e+03
3.030000000000000000e+02
2.332000000000000000e+03
2.504000000000000000e+03
2.587000000000000000e+03
8.480000000000000000e+02
4.830000000000000000e+02
2.588000000000000000e+03
3.342000000000000000e+03
2.062000000000000000e+03
1.972000000000000000e+03
2.432000000000000000e+03
3.922000000000000000e+03
3.006000000000000000e+03
3.180000000000000000e+03
1.540000000000000000e+02
1.486000000000000000e+03
2.961000000000000000e+03
3.179000000000000000e+03
2.592000000000000000e+03
1.917000000000000000e+03
1.995000000000000000e+03
2.188000000000000000e+03
3.662000000000000000e+03
2.940000000000000000e+03
2.782000000000000000e+03
1.263000000000000000e+03
1.217000000000000000e+03
8.330000000000000000e+02
2.295000000000000000e+03
5.640000000000000000e+02
2.160000000000000000e+03
1.157000000000000000e+03
3.813000000000000000e+03
4.260000000000000000e+02
3.220000000000000000e+02
1.632000000000000000e+03
6.700000000000000000e+02
2.267000000000000000e+03
1.423000000000000000e+03
3.040000000000000000e+02
2.449000000000000000e+03
2.058000000000000000e+03
3.411000000000000000e+03
3.300000000000000000e+01
2.510000000000000000e+03
2.318000000000000000e+03
3.380000000000000000e+02
1.892000000000000000e+03
6.680000000000000000e+02
3.937000000000000000e+03
7.150000000000000000e+02
3.369000000000000000e+03
1.559000000000000000e+03
1.754000000000000000e+03
3.720000000000000000e+02
3.776000000000000000e+03
1.830000000000000000e+02
3.030000000000000000e+02
3.612000000000000000e+03
2.465000000000000000e+03
2.586000000000000000e+03
1.700000000000000000e+03
3.370000000000000000e+02
3.286000000000000000e+03
8.850000000000000000e+02
1.745000000000000000e+03
1.398000000000000000e+03
1.713000000000000000e+03
2.303000000000000000e+03
1.598000000000000000e+03
3.815000000000000000e+03
3.222000000000000000e+03
1.408000000000000000e+03
1.504000000000000000e+03
3.878000000000000000e+03
1.990000000000000000e+03
3.253000000000000000e+03
1.644000000000000000e+03
6.480000000000000000e+02
1.761000000000000000e+03
1.972000000000000000e+03
2.614000000000000000e+03
1.858000000000000000e+03
5.400000000000000000e+02
2.561000000000000000e+03
1.502000000000000000e+03
5.000000000000000000e+01
2.433000000000000000e+03
2.058000000000000000e+03
7.350000000000000000e+02
2.030000000000000000e+02
2.648000000000000000e+03
7.870000000000000000e+02
6.000000000000000000e+00
2.524000000000000000e+03
2.195000000000000000e+03
1.006000000000000000e+03
2.090000000000000000e+02
8.720000000000000000e+02
2.387000000000000000e+03
2.680000000000000000e+03
3.408000000000000000e+03
2.980000000000000000e+02
3.882000000000000000e+03
1.796000000000000000e+03
1.465000000000000000e+03
3.222000000000000000e+03
1.084000000000000000e+03
1.761000000000000000e+03
2.190000000000000000e+03
1.221000000000000000e+03
3.720000000000000000e+02
7.550000000000000000e+02
2.142000000000000000e+03
3.094000000000000000e+03
3.929000000000000000e+03
2.934000000000000000e+03
1.938000000000000000e+03
2.789000000000000000e+03
2.208000000000000000e+03
1.531000000000000000e+03
3.673000000000000000e+03
2.972000000000000000e+03
1.483000000000000000e+03
3.765000000000000000e+03
1.924000000000000000e+03
1.729000000000000000e+03
3.574000000000000000e+03
2.535000000000000000e+03
3.820000000000000000e+02
2.409000000000000000e+03
2.463000000000000000e+03
6.090000000000000000e+02
3.081000000000000000e+03
2.373000000000000000e+03
3.517000000000000000e+03
2.600000000000000000e+03
1.741000000000000000e+03
1.605000000000000000e+03
1.334000000000000000e+03
3.402000000000000000e+03
3.318000000000000000e+03
1.012000000000000000e+03
4.120000000000000000e+02
1.504000000000000000e+03
3.253000000000000000e+03
3.346000000000000000e+03
5.470000000000000000e+02
3.509000000000000000e+03
2.996000000000000000e+03
3.218000000000000000e+03
2.132000000000000000e+03
8.520000000000000000e+02
3.889000000000000000e+03
3.520000000000000000e+03
2.441000000000000000e+03
3.179000000000000000e+03
1.274000000000000000e+03
3.625000000000000000e+03
1.044000000000000000e+03
2.190000000000000000e+02
1.894000000000000000e+03
7.810000000000000000e+02
3.919000000000000000e+03
3.402000000000000000e+03
3.580000000000000000e+02
2.913000000000000000e+03
3.119000000000000000e+03
1.508000000000000000e+03
1.972000000000000000e+03
1.070000000000000000e+02
3.020000000000000000e+03
5.720000000000000000e+02
3.843000000000000000e+03
5.100000000000000000e+02
1.055000000000000000e+03
2.672000000000000000e+03
6.720000000000000000e+02
1.317000000000000000e+03
2.972000000000000000e+03
4.450000000000000000e+02
2.261000000000000000e+03
4.260000000000000000e+02
1.593000000000000000e+03
3.612000000000000000e+03
2.035000000000000000e+03
1.730000000000000000e+02
7.380000000000000000e+02
2.812000000000000000e+03
5.920000000000000000e+02
3.656000000000000000e+03
1.486000000000000000e+03
4.700000000000000000e+01
1.028000000000000000e+03
1.010000000000000000e+02
1.477000000000000000e+03
2.449000000000000000e+03
2.380000000000000000e+02
2.322000000000000000e+03
1.380000000000000000e+03
2.576000000000000000e+03
2.899000000000000000e+03
3.849000000000000000e+03
3.249000000000000000e+03
3.120000000000000000e+03
2.004000000000000000e+03
2.348000000000000000e+03
7.010000000000000000e+02
1.423000000000000000e+03
3.714000000000000000e+03
2.680000000000000000e+03
2.558000000000000000e+03
2.899000000000000000e+03
2.272000000000000000e+03
7.500000000000000000e+02
1.160000000000000000e+03
1.644000000000000000e+03
3.929000000000000000e+03
6.330000000000000000e+02
5.150000000000000000e+02
1.003000000000000000e+03
1.245000000000000000e+03
3.411000000000000000e+03
8.340000000000000000e+02
3.574000000000000000e+03
3.055000000000000000e+03
4.120000000000000000e+02
1.661000000000000000e+03
3.105000000000000000e+03
6.320000000000000000e+02
1.424000000000000000e+03
2.822000000000000000e+03
1.628000000000000000e+03
3.469000000000000000e+03
4.640000000000000000e+02
8.780000000000000000e+02
1.940000000000000000e+03
2.624000000000000000e+03
2.030000000000000000e+02
5.230000000000000000e+02
1.370000000000000000e+03
2.042000000000000000e+03
1.171000000000000000e+03
9.440000000000000000e+02
4.470000000000000000e+02
3.520000000000000000e+03
1.010000000000000000e+02
1.569000000000000000e+03
2.261000000000000000e+03
1.255000000000000000e+03
1.429000000000000000e+03
2.003000000000000000e+03
5.980000000000000000e+02
3.953000000000000000e+03
3.411000000000000000e+03
3.602000000000000000e+03
2.112000000000000000e+03
3.288000000000000000e+03
3.411000000000000000e+03
3.196000000000000000e+03
3.340000000000000000e+02
2.196000000000000000e+03
2.226000000000000000e+03
3.577000000000000000e+03
2.208000000000000000e+03
1.830000000000000000e+02
2.658000000000000000e+03
7.050000000000000000e+02
2.329000000000000000e+03
3.411000000000000000e+03
1.341000000000000000e+03
2.592000000000000000e+03
1.658000000000000000e+03
3.296000000000000000e+03
3.000000000000000000e+03
1.252000000000000000e+03
1.010000000000000000e+02
2.903000000000000000e+03
2.997000000000000000e+03
3.882000000000000000e+03
1.693000000000000000e+03
1.861000000000000000e+03
2.440000000000000000e+02
3.320000000000000000e+03
2.352000000000000000e+03
3.889000000000000000e+03
5.030000000000000000e+02
3.219000000000000000e+03
3.238000000000000000e+03
2.595000000000000000e+03
3.500000000000000000e+02
3.380000000000000000e+02
2.377000000000000000e+03
1.240000000000000000e+03
3.030000000000000000e+02
1.453000000000000000e+03
2.280000000000000000e+03
1.224000000000000000e+03
1.814000000000000000e+03
2.378000000000000000e+03
2.261000000000000000e+03
3.241000000000000000e+03
3.380000000000000000e+02
2.568000000000000000e+03
6.000000000000000000e+00
3.945000000000000000e+03
5.140000000000000000e+02
2.787000000000000000e+03
9.800000000000000000e+01
3.848000000000000000e+03
3.331000000000000000e+03
2.063000000000000000e+03
3.009000000000000000e+03
1.713000000000000000e+03
2.738000000000000000e+03
1.667000000000000000e+03
2.267000000000000000e+03
2.337000000000000000e+03
2.510000000000000000e+03
7.250000000000000000e+02
2.233000000000000000e+03
2.322000000000000000e+03
7.100000000000000000e+01
2.042000000000000000e+03
3.806000000000000000e+03
3.156000000000000000e+03
3.139000000000000000e+03
2.812000000000000000e+03
1.977000000000000000e+03
2.707000000000000000e+03
2.188000000000000000e+03
3.700000000000000000e+01
1.358000000000000000e+03
6.700000000000000000e+02
9.580000000000000000e+02
3.408000000000000000e+03
4.770000000000000000e+02
1.486000000000000000e+03
3.380000000000000000e+02
2.841000000000000000e+03
2.869000000000000000e+03
8.470000000000000000e+02
2.380000000000000000e+02
2.529000000000000000e+03
4.120000000000000000e+02
3.280000000000000000e+02
8.730000000000000000e+02
1.292000000000000000e+03
3.896000000000000000e+03
1.740000000000000000e+03
1.727000000000000000e+03
3.951000000000000000e+03
1.571000000000000000e+03
2.782000000000000000e+03
1.628000000000000000e+03
3.849000000000000000e+03
1.160000000000000000e+03
2.753000000000000000e+03
1.746000000000000000e+03
3.576000000000000000e+03
3.698000000000000000e+03
3.320000000000000000e+03
2.004000000000000000e+03
1.019000000000000000e+03
6.930000000000000000e+02
1.735000000000000000e+03
1.357000000000000000e+03
9.240000000000000000e+02
2.550000000000000000e+02
7.100000000000000000e+01
1.760000000000000000e+02
4.770000000000000000e+02
2.920000000000000000e+02
3.222000000000000000e+03
1.664000000000000000e+03
4.460000000000000000e+02
2.909000000000000000e+03
2.230000000000000000e+02
1.403000000000000000e+03
3.241000000000000000e+03
3.292000000000000000e+03
1.286000000000000000e+03
2.006000000000000000e+03
1.508000000000000000e+03
2.710000000000000000e+03
1.010000000000000000e+03
1.521000000000000000e+03
3.678000000000000000e+03
2.686000000000000000e+03
2.064000000000000000e+03
8.290000000000000000e+02
1.745000000000000000e+03
1.496000000000000000e+03
3.430000000000000000e+02
2.021000000000000000e+03
2.410000000000000000e+03
2.780000000000000000e+03
2.525000000000000000e+03
2.568000000000000000e+03
1.252000000000000000e+03
2.112000000000000000e+03
2.510000000000000000e+03
1.564000000000000000e+03
1.050000000000000000e+02
1.700000000000000000e+03
2.787000000000000000e+03
3.506000000000000000e+03
1.360000000000000000e+02
2.540000000000000000e+03
2.239000000000000000e+03
2.598000000000000000e+03
3.700000000000000000e+02
2.013000000000000000e+03
3.135000000000000000e+03
3.406000000000000000e+03
2.939000000000000000e+03
7.970000000000000000e+02
1.238000000000000000e+03
3.062000000000000000e+03
8.290000000000000000e+02
3.469000000000000000e+03
1.823000000000000000e+03
2.425000000000000000e+03
3.419000000000000000e+03
1.761000000000000000e+03
4.420000000000000000e+02
3.411000000000000000e+03
2.540000000000000000e+03
3.879000000000000000e+03
2.130000000000000000e+03
1.849000000000000000e+03
3.030000000000000000e+03
7.950000000000000000e+02
1.871000000000000000e+03
1.060000000000000000e+02
1.334000000000000000e+03
3.109000000000000000e+03
3.641000000000000000e+03
1.979000000000000000e+03
1.861000000000000000e+03
2.585000000000000000e+03
7.890000000000000000e+02
1.403000000000000000e+03
2.051000000000000000e+03
2.435000000000000000e+03
1.570000000000000000e+02
1.217000000000000000e+03
2.558000000000000000e+03
1.486000000000000000e+03
1.504000000000000000e+03
1.322000000000000000e+03
2.902000000000000000e+03
1.003000000000000000e+03
3.638000000000000000e+03
8.120000000000000000e+02
3.448000000000000000e+03
3.945000000000000000e+03
9.240000000000000000e+02
1.920000000000000000e+02
6.680000000000000000e+02
1.760000000000000000e+02
2.520000000000000000e+02
2.782000000000000000e+03
1.977000000000000000e+03
3.806000000000000000e+03
1.531000000000000000e+03
4.730000000000000000e+02
2.996000000000000000e+03
6.820000000000000000e+02
1.823000000000000000e+03
2.177000000000000000e+03
8.330000000000000000e+02
1.406000000000000000e+03
3.849000000000000000e+03
2.432000000000000000e+03
1.806000000000000000e+03
1.294000000000000000e+03
2.093000000000000000e+03
1.741000000000000000e+03
2.267000000000000000e+03
6.320000000000000000e+02
1.030000000000000000e+02
2.925000000000000000e+03
3.219000000000000000e+03
7.890000000000000000e+02
9.800000000000000000e+01
1.564000000000000000e+03
3.411000000000000000e+03
1.504000000000000000e+03
3.537000000000000000e+03
1.632000000000000000e+03
6.160000000000000000e+02
2.708000000000000000e+03
3.036000000000000000e+03
2.401000000000000000e+03
3.419000000000000000e+03
6.930000000000000000e+02
2.093000000000000000e+03
9.630000000000000000e+02
2.070000000000000000e+02
3.055000000000000000e+03
3.370000000000000000e+02
2.000000000000000000e+01
2.267000000000000000e+03
3.882000000000000000e+03
2.843000000000000000e+03
3.462000000000000000e+03
1.373000000000000000e+03
2.570000000000000000e+02
1.508000000000000000e+03
2.664000000000000000e+03
2.506000000000000000e+03
2.303000000000000000e+03
1.620000000000000000e+03
2.878000000000000000e+03
1.920000000000000000e+03
7.540000000000000000e+02
1.597000000000000000e+03
3.882000000000000000e+03
2.705000000000000000e+03
2.560000000000000000e+02
3.218000000000000000e+03
4.350000000000000000e+02
2.722000000000000000e+03
3.638000000000000000e+03
3.937000000000000000e+03
5.100000000000000000e+02
1.531000000000000000e+03
3.520000000000000000e+03
1.444000000000000000e+03
2.576000000000000000e+03
1.560000000000000000e+02
2.337000000000000000e+03
1.150000000000000000e+03
2.348000000000000000e+03
2.022000000000000000e+03
5.990000000000000000e+02
1.219000000000000000e+03
1.171000000000000000e+03
3.815000000000000000e+03
2.587000000000000000e+03
1.453000000000000000e+03
3.815000000000000000e+03
1.484000000000000000e+03
1.545000000000000000e+03
3.220000000000000000e+02
1.093000000000000000e+03
6.200000000000000000e+01
2.329000000000000000e+03
8.780000000000000000e+02
8.820000000000000000e+02
1.261000000000000000e+03
3.000000000000000000e+03
2.720000000000000000e+03
2.900000000000000000e+03
7.540000000000000000e+02
3.866000000000000000e+03
3.174000000000000000e+03
2.965000000000000000e+03
1.341000000000000000e+03
1.892000000000000000e+03
3.177000000000000000e+03
1.504000000000000000e+03
2.817000000000000000e+03
3.864000000000000000e+03
3.733000000000000000e+03
3.430000000000000000e+02
2.064000000000000000e+03
1.344000000000000000e+03
5.980000000000000000e+02
7.150000000000000000e+02
1.586000000000000000e+03
8.480000000000000000e+02
2.939000000000000000e+03
1.300000000000000000e+01
5.980000000000000000e+02
1.593000000000000000e+03
8.480000000000000000e+02
5.150000000000000000e+02
1.019000000000000000e+03
1.797000000000000000e+03
1.531000000000000000e+03
8.650000000000000000e+02
1.735000000000000000e+03
8.040000000000000000e+02
6.740000000000000000e+02
4.350000000000000000e+02
2.617000000000000000e+03
1.224000000000000000e+03
1.403000000000000000e+03
3.009000000000000000e+03
1.345000000000000000e+03
3.297000000000000000e+03
1.358000000000000000e+03
2.378000000000000000e+03
1.221000000000000000e+03
8.040000000000000000e+02
4.530000000000000000e+02
2.249000000000000000e+03
2.525000000000000000e+03
1.019000000000000000e+03
1.282000000000000000e+03
2.787000000000000000e+03
2.470000000000000000e+02
1.730000000000000000e+02
5.000000000000000000e+01
2.204000000000000000e+03
9.140000000000000000e+02
1.651000000000000000e+03
2.218000000000000000e+03
2.077000000000000000e+03
3.670000000000000000e+02
1.810000000000000000e+03
1.100000000000000000e+02
3.280000000000000000e+02
2.550000000000000000e+02
2.180000000000000000e+03
6.860000000000000000e+02
6.720000000000000000e+02
5.100000000000000000e+02
1.504000000000000000e+03
1.399000000000000000e+03
1.486000000000000000e+03
3.469000000000000000e+03
1.355000000000000000e+03
2.195000000000000000e+03
3.776000000000000000e+03
1.482000000000000000e+03
1.286000000000000000e+03
3.076000000000000000e+03
2.787000000000000000e+03
1.797000000000000000e+03
3.012000000000000000e+03
3.340000000000000000e+02
1.855000000000000000e+03
4.530000000000000000e+02
1.920000000000000000e+02
3.589000000000000000e+03
1.288000000000000000e+03
7.550000000000000000e+02
2.541000000000000000e+03
3.450000000000000000e+02
4.750000000000000000e+02
3.749000000000000000e+03
3.469000000000000000e+03
1.317000000000000000e+03
2.332000000000000000e+03
4.120000000000000000e+02
1.993000000000000000e+03
2.789000000000000000e+03
1.928000000000000000e+03
5.140000000000000000e+02
3.448000000000000000e+03
2.728000000000000000e+03
1.486000000000000000e+03
7.150000000000000000e+02
1.761000000000000000e+03
1.735000000000000000e+03
8.820000000000000000e+02
2.792000000000000000e+03
2.584000000000000000e+03
3.152000000000000000e+03
2.142000000000000000e+03
4.830000000000000000e+02
3.395000000000000000e+03
3.257000000000000000e+03
7.950000000000000000e+02
3.945000000000000000e+03
4.050000000000000000e+02
2.525000000000000000e+03
1.327000000000000000e+03
1.870000000000000000e+03
2.063000000000000000e+03
2.910000000000000000e+03
2.560000000000000000e+02
3.254000000000000000e+03
6.560000000000000000e+02
3.790000000000000000e+03
2.264000000000000000e+03
2.204000000000000000e+03
4.620000000000000000e+02
2.303000000000000000e+03
1.754000000000000000e+03
3.272000000000000000e+03
3.071000000000000000e+03
1.344000000000000000e+03
2.135000000000000000e+03
2.110000000000000000e+02
1.649000000000000000e+03
1.444000000000000000e+03
1.693000000000000000e+03
2.062000000000000000e+03
2.322000000000000000e+03
1.920000000000000000e+03
3.140000000000000000e+02
3.189000000000000000e+03
5.720000000000000000e+02
1.486000000000000000e+03
2.595000000000000000e+03
2.652000000000000000e+03
2.900000000000000000e+03
2.208000000000000000e+03
1.939000000000000000e+03
3.205000000000000000e+03
1.334000000000000000e+03
2.893000000000000000e+03
1.151000000000000000e+03
1.858000000000000000e+03
3.678000000000000000e+03
6.720000000000000000e+02
2.924000000000000000e+03
2.658000000000000000e+03
1.972000000000000000e+03
2.506000000000000000e+03
3.784000000000000000e+03
2.878000000000000000e+03
2.600000000000000000e+03
2.792000000000000000e+03
2.222000000000000000e+03
2.001000000000000000e+03
2.110000000000000000e+02
1.116000000000000000e+03
3.849000000000000000e+03
3.296000000000000000e+03
2.893000000000000000e+03
3.180000000000000000e+03
3.199000000000000000e+03
3.222000000000000000e+03
2.934000000000000000e+03
2.587000000000000000e+03
2.001000000000000000e+03
4.200000000000000000e+02
3.462000000000000000e+03
2.958000000000000000e+03
1.453000000000000000e+03
1.649000000000000000e+03
2.177000000000000000e+03
2.200000000000000000e+01
3.385000000000000000e+03
3.119000000000000000e+03
1.797000000000000000e+03
6.300000000000000000e+02
2.777000000000000000e+03
1.000000000000000000e+02
3.152000000000000000e+03
3.030000000000000000e+02
3.410000000000000000e+03
1.304000000000000000e+03
3.360000000000000000e+02
2.290000000000000000e+03
2.390000000000000000e+03
2.587000000000000000e+03
3.030000000000000000e+03
2.787000000000000000e+03
1.060000000000000000e+02
1.633000000000000000e+03
2.063000000000000000e+03
1.228000000000000000e+03
3.222000000000000000e+03
1.035000000000000000e+03
2.700000000000000000e+01
3.180000000000000000e+03
1.924000000000000000e+03
3.021000000000000000e+03
1.424000000000000000e+03
1.658000000000000000e+03
2.708000000000000000e+03
8.850000000000000000e+02
3.179000000000000000e+03
4.620000000000000000e+02
6.680000000000000000e+02
1.274000000000000000e+03
3.469000000000000000e+03
3.436000000000000000e+03
2.950000000000000000e+02
2.003000000000000000e+03
2.588000000000000000e+03
2.062000000000000000e+03
1.862000000000000000e+03
2.888000000000000000e+03
3.448000000000000000e+03
3.815000000000000000e+03
3.408000000000000000e+03
2.318000000000000000e+03
3.000000000000000000e+02
3.020000000000000000e+02
1.586000000000000000e+03
8.780000000000000000e+02
3.119000000000000000e+03
1.482000000000000000e+03
3.430000000000000000e+02
3.580000000000000000e+02
3.866000000000000000e+03
3.662000000000000000e+03
3.220000000000000000e+02
3.469000000000000000e+03
2.270000000000000000e+03
1.224000000000000000e+03
6.320000000000000000e+02
1.424000000000000000e+03
3.574000000000000000e+03
1.287000000000000000e+03
4.420000000000000000e+02
3.378000000000000000e+03
3.017000000000000000e+03
2.986000000000000000e+03
1.053000000000000000e+03
3.270000000000000000e+03
1.357000000000000000e+03
1.419000000000000000e+03
2.984000000000000000e+03
2.550000000000000000e+03
2.123000000000000000e+03
1.073000000000000000e+03
3.130000000000000000e+02
1.171000000000000000e+03
2.541000000000000000e+03
3.793000000000000000e+03
2.924000000000000000e+03
3.889000000000000000e+03
3.241000000000000000e+03
1.334000000000000000e+03
2.729000000000000000e+03
3.179000000000000000e+03
1.312000000000000000e+03
2.725000000000000000e+03
2.406000000000000000e+03
2.789000000000000000e+03
9.240000000000000000e+02
1.794000000000000000e+03
3.411000000000000000e+03
3.889000000000000000e+03
1.424000000000000000e+03
3.411000000000000000e+03
7.890000000000000000e+02
2.316000000000000000e+03
3.257000000000000000e+03
5.400000000000000000e+02
3.583000000000000000e+03
1.796000000000000000e+03
3.908000000000000000e+03
1.593000000000000000e+03
1.741000000000000000e+03
1.237000000000000000e+03
1.751000000000000000e+03
2.425000000000000000e+03
3.537000000000000000e+03
2.913000000000000000e+03
1.483000000000000000e+03
1.286000000000000000e+03
3.020000000000000000e+03
1.526000000000000000e+03
2.384000000000000000e+03
1.217000000000000000e+03
