93.000000
222.000000
319.000000
131.000000
200.000000
149.000000
93.000000
288.000000
10.000000
332.000000
291.000000
149.000000
153.000000
149.000000
200.000000
153.000000
217.000000
183.000000
297.000000
134.000000
134.000000
369.000000
284.000000
93.000000
93.000000
183.000000
200.000000
284.000000
377.000000
332.000000
296.000000
165.000000
93.000000
174.000000
319.000000
149.000000
93.000000
3.000000
16.000000
346.000000
151.000000
207.000000
54.000000
134.000000
54.000000
42.000000
318.000000
93.000000
149.000000
357.000000
319.000000
178.000000
305.000000
381.000000
54.000000
319.000000
183.000000
360.000000
165.000000
221.000000
319.000000
217.000000
332.000000
165.000000
126.000000
153.000000
3.000000
280.000000
319.000000
239.000000
288.000000
153.000000
165.000000
346.000000
357.000000
284.000000
364.000000
221.000000
319.000000
217.000000
319.000000
319.000000
149.000000
200.000000
358.000000
219.000000
151.000000
102.000000
149.000000
149.000000
319.000000
222.000000
165.000000
165.000000
126.000000
54.000000
91.000000
174.000000
158.000000
174.000000
284.000000
332.000000
174.000000
316.000000
183.000000
284.000000
126.000000
332.000000
42.000000
93.000000
183.000000
93.000000
187.000000
200.000000
319.000000
183.000000
284.000000
239.000000
93.000000
274.000000
212.000000
151.000000
295.000000
149.000000
257.000000
93.000000
384.000000
149.000000
319.000000
153.000000
295.000000
319.000000
165.000000
167.000000
69.000000
215.000000
332.000000
319.000000
136.000000
183.000000
151.000000
215.000000
271.000000
93.000000
319.000000
239.000000
57.000000
126.000000
37.000000
384.000000
183.000000
351.000000
288.000000
151.000000
288.000000
91.000000
319.000000
149.000000
183.000000
239.000000
215.000000
174.000000
165.000000
346.000000
165.000000
10.000000
93.000000
222.000000
200.000000
183.000000
215.000000
217.000000
357.000000
183.000000
351.000000
151.000000
271.000000
10.000000
319.000000
210.000000
284.000000
222.000000
221.000000
183.000000
54.000000
183.000000
183.000000
319.000000
149.000000
221.000000
215.000000
149.000000
93.000000
87.000000
269.000000
319.000000
183.000000
296.000000
332.000000
221.000000
200.000000
151.000000
93.000000
102.000000
10.000000
332.000000
284.000000
319.000000
296.000000
151.000000
151.000000
48.000000
271.000000
131.000000
151.000000
151.000000
278.000000
151.000000
210.000000
151.000000
284.000000
165.000000
149.000000
200.000000
384.000000
319.000000
284.000000
93.000000
10.000000
54.000000
183.000000
134.000000
215.000000
64.000000
84.000000
3.000000
215.000000
3.000000
319.000000
74.000000
284.000000
183.000000
40.000000
215.000000
319.000000
54.000000
183.000000
149.000000
131.000000
165.000000
200.000000
210.000000
93.000000
134.000000
183.000000
215.000000
212.000000
200.000000
183.000000
215.000000
200.000000
239.000000
151.000000
91.000000
200.000000
221.000000
183.000000
149.000000
3.000000
319.000000
332.000000
149.000000
149.000000
277.000000
200.000000
183.000000
346.000000
86.000000
165.000000
295.000000
271.000000
336.000000
10.000000
167.000000
149.000000
158.000000
384.000000
10.000000
296.000000
183.000000
256.000000
151.000000
217.000000
3.000000
210.000000
93.000000
384.000000
342.000000
332.000000
183.000000
93.000000
38.000000
249.000000
319.000000
149.000000
57.000000
93.000000
209.000000
346.000000
249.000000
126.000000
153.000000
165.000000
200.000000
319.000000
221.000000
149.000000
183.000000
3.000000
342.000000
134.000000
382.000000
151.000000
384.000000
210.000000
377.000000
217.000000
384.000000
165.000000
209.000000
165.000000
346.000000
149.000000
384.000000
149.000000
149.000000
334.000000
165.000000
319.000000
346.000000
10.000000
151.000000
239.000000
200.000000
134.000000
285.000000
57.000000
93.000000
217.000000
149.000000
222.000000
274.000000
42.000000
165.000000
319.000000
210.000000
151.000000
200.000000
153.000000
42.000000
93.000000
351.000000
151.000000
296.000000
91.000000
296.000000
209.000000
3.000000
236.000000
217.000000
336.000000
284.000000
151.000000
93.000000
384.000000
284.000000
165.000000
93.000000
346.000000
120.000000
215.000000
54.000000
93.000000
126.000000
165.000000
93.000000
16.000000
149.000000
54.000000
93.000000
84.000000
54.000000
341.000000
10.000000
93.000000
104.000000
284.000000
149.000000
221.000000
332.000000
210.000000
319.000000
217.000000
147.000000
319.000000
151.000000
38.000000
54.000000
221.000000
134.000000
183.000000
149.000000
271.000000
342.000000
342.000000
153.000000
134.000000
113.000000
295.000000
217.000000
151.000000
165.000000
167.000000
16.000000
200.000000
183.000000
183.000000
284.000000
149.000000
332.000000
165.000000
93.000000
134.000000
285.000000
122.000000
126.000000
215.000000
183.000000
213.000000
42.000000
384.000000
57.000000
215.000000
284.000000
149.000000
319.000000
217.000000
149.000000
149.000000
288.000000
215.000000
357.000000
288.000000
94.000000
158.000000
93.000000
200.000000
70.000000
39.000000
295.000000
200.000000
183.000000
319.000000
222.000000
99.000000
319.000000
93.000000
165.000000
149.000000
284.000000
265.000000
90.000000
221.000000
149.000000
274.000000
126.000000
153.000000
284.000000
153.000000
382.000000
3.000000
93.000000
215.000000
183.000000
165.000000
284.000000
160.000000
153.000000
200.000000
217.000000
284.000000
386.000000
384.000000
151.000000
181.000000
319.000000
285.000000
239.000000
183.000000
93.000000
93.000000
10.000000
332.000000
93.000000
93.000000
284.000000
222.000000
260.000000
319.000000
165.000000
319.000000
149.000000
200.000000
296.000000
221.000000
153.000000
384.000000
215.000000
149.000000
319.000000
151.000000
221.000000
120.000000
93.000000
200.000000
122.000000
96.000000
187.000000
151.000000
200.000000
151.000000
151.000000
200.000000
295.000000
151.000000
153.000000
149.000000
203.000000
134.000000
285.000000
305.000000
183.000000
39.000000
183.000000
319.000000
319.000000
200.000000
93.000000
149.000000
64.000000
10.000000
221.000000
183.000000
295.000000
377.000000
54.000000
183.000000
134.000000
183.000000
332.000000
151.000000
284.000000
332.000000
346.000000
200.000000
288.000000
357.000000
215.000000
153.000000
221.000000
93.000000
149.000000
346.000000
183.000000
200.000000
86.000000
332.000000
285.000000
183.000000
215.000000
215.000000
319.000000
54.000000
44.000000
215.000000
284.000000
153.000000
360.000000
120.000000
377.000000
346.000000
149.000000
183.000000
183.000000
284.000000
183.000000
215.000000
284.000000
149.000000
332.000000
153.000000
3.000000
183.000000
346.000000
122.000000
384.000000
64.000000
332.000000
183.000000
165.000000
147.000000
84.000000
183.000000
142.000000
384.000000
319.000000
217.000000
165.000000
297.000000
358.000000
152.000000
200.000000
219.000000
165.000000
217.000000
183.000000
319.000000
271.000000
3.000000
151.000000
200.000000
54.000000
151.000000
357.000000
151.000000
319.000000
165.000000
215.000000
251.000000
178.000000
134.000000
64.000000
332.000000
346.000000
178.000000
219.000000
126.000000
377.000000
200.000000
183.000000
183.000000
134.000000
165.000000
54.000000
384.000000
165.000000
222.000000
200.000000
149.000000
149.000000
42.000000
93.000000
384.000000
16.000000
215.000000
136.000000
377.000000
21.000000
183.000000
319.000000
149.000000
165.000000
93.000000
319.000000
319.000000
187.000000
312.000000
319.000000
44.000000
93.000000
183.000000
69.000000
38.000000
215.000000
351.000000
151.000000
377.000000
149.000000
284.000000
158.000000
332.000000
258.000000
217.000000
178.000000
54.000000
200.000000
183.000000
183.000000
120.000000
149.000000
54.000000
183.000000
183.000000
288.000000
215.000000
167.000000
183.000000
183.000000
319.000000
200.000000
221.000000
134.000000
284.000000
284.000000
42.000000
183.000000
183.000000
183.000000
384.000000
149.000000
200.000000
10.000000
165.000000
319.000000
200.000000
206.000000
39.000000
37.000000
215.000000
319.000000
319.000000
69.000000
296.000000
288.000000
134.000000
183.000000
200.000000
319.000000
93.000000
285.000000
220.000000
93.000000
190.000000
346.000000
210.000000
42.000000
165.000000
149.000000
280.000000
217.000000
102.000000
93.000000
284.000000
378.000000
284.000000
183.000000
217.000000
183.000000
210.000000
93.000000
284.000000
384.000000
379.000000
16.000000
151.000000
384.000000
319.000000
295.000000
149.000000
10.000000
384.000000
360.000000
296.000000
318.000000
207.000000
346.000000
346.000000
93.000000
200.000000
149.000000
249.000000
357.000000
96.000000
284.000000
102.000000
6.000000
149.000000
149.000000
183.000000
122.000000
217.000000
153.000000
42.000000
288.000000
288.000000
284.000000
365.000000
183.000000
234.000000
384.000000
165.000000
209.000000
181.000000
183.000000
200.000000
183.000000
167.000000
342.000000
382.000000
215.000000
305.000000
3.000000
200.000000
57.000000
167.000000
153.000000
319.000000
151.000000
351.000000
122.000000
215.000000
183.000000
149.000000
221.000000
243.000000
151.000000
122.000000
215.000000
332.000000
149.000000
93.000000
151.000000
183.000000
346.000000
319.000000
42.000000
151.000000
284.000000
44.000000
183.000000
147.000000
210.000000
332.000000
44.000000
134.000000
183.000000
295.000000
93.000000
149.000000
153.000000
149.000000
153.000000
120.000000
10.000000
57.000000
222.000000
93.000000
163.000000
321.000000
151.000000
351.000000
339.000000
217.000000
165.000000
384.000000
54.000000
200.000000
305.000000
190.000000
190.000000
183.000000
279.000000
109.000000
57.000000
280.000000
126.000000
183.000000
183.000000
131.000000
332.000000
93.000000
153.000000
70.000000
167.000000
151.000000
377.000000
215.000000
122.000000
295.000000
165.000000
377.000000
93.000000
149.000000
149.000000
215.000000
151.000000
280.000000
357.000000
360.000000
285.000000
181.000000
260.000000
360.000000
319.000000
377.000000
388.000000
126.000000
151.000000
16.000000
183.000000
372.000000
54.000000
136.000000
215.000000
165.000000
3.000000
284.000000
215.000000
183.000000
93.000000
384.000000
49.000000
357.000000
319.000000
284.000000
165.000000
134.000000
284.000000
200.000000
332.000000
200.000000
200.000000
165.000000
151.000000
3.000000
16.000000
126.000000
160.000000
221.000000
126.000000
305.000000
215.000000
257.000000
215.000000
183.000000
3.000000
126.000000
136.000000
239.000000
284.000000
160.000000
37.000000
319.000000
362.000000
183.000000
295.000000
174.000000
183.000000
122.000000
383.000000
165.000000
384.000000
57.000000
16.000000
285.000000
57.000000
219.000000
183.000000
126.000000
165.000000
200.000000
99.000000
284.000000
295.000000
10.000000
358.000000
149.000000
295.000000
102.000000
221.000000
183.000000
290.000000
149.000000
350.000000
314.000000
222.000000
357.000000
342.000000
0.000000
332.000000
134.000000
384.000000
377.000000
136.000000
151.000000
200.000000
377.000000
86.000000
134.000000
346.000000
346.000000
319.000000
151.000000
120.000000
37.000000
339.000000
151.000000
183.000000
102.000000
151.000000
122.000000
346.000000
284.000000
93.000000
183.000000
165.000000
319.000000
16.000000
222.000000
377.000000
57.000000
126.000000
319.000000
126.000000
151.000000
90.000000
215.000000
149.000000
183.000000
57.000000
384.000000
149.000000
151.000000
183.000000
10.000000
151.000000
200.000000
280.000000
288.000000
183.000000
183.000000
93.000000
200.000000
215.000000
96.000000
165.000000
183.000000
295.000000
153.000000
54.000000
288.000000
54.000000
183.000000
165.000000
54.000000
319.000000
44.000000
284.000000
222.000000
93.000000
165.000000
151.000000
102.000000
3.000000
151.000000
379.000000
183.000000
151.000000
336.000000
217.000000
222.000000
346.000000
151.000000
239.000000
10.000000
221.000000
221.000000
149.000000
183.000000
346.000000
346.000000
54.000000
200.000000
151.000000
222.000000
215.000000
221.000000
153.000000
153.000000
296.000000
232.000000
346.000000
42.000000
319.000000
281.000000
285.000000
183.000000
215.000000
284.000000
346.000000
44.000000
57.000000
174.000000
215.000000
151.000000
249.000000
357.000000
183.000000
384.000000
377.000000
151.000000
165.000000
126.000000
151.000000
54.000000
3.000000
227.000000
42.000000
183.000000
165.000000
295.000000
96.000000
271.000000
200.000000
151.000000
149.000000
357.000000
93.000000
200.000000
151.000000
39.000000
183.000000
153.000000
271.000000
249.000000
200.000000
221.000000
339.000000
183.000000
167.000000
54.000000
134.000000
10.000000
271.000000
48.000000
200.000000
120.000000
217.000000
271.000000
215.000000
296.000000
93.000000
215.000000
319.000000
336.000000
215.000000
99.000000
69.000000
188.000000
319.000000
319.000000
151.000000
44.000000
384.000000
215.000000
319.000000
16.000000
149.000000
151.000000
360.000000
319.000000
147.000000
16.000000
249.000000
151.000000
319.000000
200.000000
319.000000
42.000000
183.000000
215.000000
120.000000
10.000000
100.000000
217.000000
181.000000
338.000000
149.000000
384.000000
149.000000
165.000000
319.000000
3.000000
200.000000
183.000000
102.000000
153.000000
3.000000
319.000000
215.000000
167.000000
206.000000
149.000000
120.000000
360.000000
295.000000
93.000000
217.000000
215.000000
10.000000
183.000000
319.000000
42.000000
165.000000
149.000000
134.000000
93.000000
151.000000
200.000000
16.000000
183.000000
183.000000
296.000000
200.000000
384.000000
346.000000
200.000000
200.000000
239.000000
200.000000
215.000000
183.000000
151.000000
126.000000
384.000000
93.000000
217.000000
86.000000
165.000000
102.000000
332.000000
149.000000
3.000000
134.000000
180.000000
134.000000
284.000000
93.000000
93.000000
288.000000
151.000000
384.000000
160.000000
319.000000
346.000000
360.000000
183.000000
183.000000
149.000000
149.000000
132.000000
210.000000
183.000000
215.000000
290.000000
183.000000
209.000000
221.000000
200.000000
134.000000
200.000000
183.000000
284.000000
6.000000
215.000000
285.000000
104.000000
134.000000
332.000000
120.000000
149.000000
346.000000
200.000000
341.000000
215.000000
93.000000
285.000000
165.000000
134.000000
151.000000
234.000000
384.000000
200.000000
151.000000
90.000000
151.000000
183.000000
174.000000
358.000000
165.000000
319.000000
153.000000
384.000000
239.000000
346.000000
57.000000
200.000000
3.000000
86.000000
357.000000
210.000000
319.000000
342.000000
149.000000
104.000000
96.000000
215.000000
384.000000
16.000000
200.000000
93.000000
295.000000
149.000000
183.000000
200.000000
57.000000
284.000000
183.000000
284.000000
147.000000
200.000000
319.000000
3.000000
57.000000
200.000000
249.000000
332.000000
358.000000
332.000000
183.000000
183.000000
149.000000
200.000000
346.000000
183.000000
151.000000
3.000000
151.000000
93.000000
271.000000
200.000000
10.000000
338.000000
93.000000
10.000000
3.000000
93.000000
126.000000
284.000000
284.000000
153.000000
151.000000
382.000000
170.000000
360.000000
288.000000
183.000000
346.000000
319.000000
10.000000
151.000000
209.000000
165.000000
221.000000
174.000000
158.000000
296.000000
149.000000
149.000000
151.000000
319.000000
176.000000
221.000000
296.000000
136.000000
332.000000
357.000000
149.000000
44.000000
222.000000
279.000000
153.000000
384.000000
93.000000
384.000000
169.000000
222.000000
6.000000
357.000000
284.000000
93.000000
339.000000
284.000000
215.000000
284.000000
126.000000
147.000000
365.000000
295.000000
57.000000
42.000000
284.000000
160.000000
215.000000
134.000000
3.000000
126.000000
151.000000
377.000000
93.000000
57.000000
149.000000
151.000000
274.000000
165.000000
295.000000
296.000000
377.000000
209.000000
44.000000
183.000000
3.000000
384.000000
134.000000
167.000000
377.000000
57.000000
358.000000
153.000000
334.000000
221.000000
200.000000
165.000000
351.000000
91.000000
134.000000
284.000000
274.000000
215.000000
183.000000
3.000000
346.000000
210.000000
183.000000
151.000000
360.000000
183.000000
284.000000
222.000000
183.000000
183.000000
165.000000
134.000000
151.000000
165.000000
178.000000
222.000000
149.000000
284.000000
54.000000
190.000000
319.000000
57.000000
285.000000
221.000000
153.000000
221.000000
386.000000
165.000000
239.000000
200.000000
10.000000
377.000000
319.000000
149.000000
200.000000
222.000000
131.000000
151.000000
288.000000
10.000000
151.000000
151.000000
93.000000
134.000000
178.000000
134.000000
134.000000
346.000000
215.000000
57.000000
316.000000
319.000000
54.000000
42.000000
222.000000
234.000000
357.000000
151.000000
93.000000
126.000000
200.000000
151.000000
215.000000
54.000000
151.000000
342.000000
183.000000
200.000000
284.000000
134.000000
16.000000
221.000000
176.000000
350.000000
183.000000
285.000000
183.000000
165.000000
384.000000
284.000000
149.000000
149.000000
284.000000
174.000000
10.000000
183.000000
153.000000
93.000000
221.000000
93.000000
296.000000
271.000000
384.000000
305.000000
122.000000
200.000000
134.000000
200.000000
93.000000
350.000000
16.000000
200.000000
319.000000
174.000000
249.000000
16.000000
215.000000
360.000000
102.000000
151.000000
285.000000
288.000000
367.000000
183.000000
183.000000
357.000000
319.000000
54.000000
149.000000
134.000000
183.000000
149.000000
284.000000
183.000000
165.000000
284.000000
151.000000
96.000000
93.000000
93.000000
207.000000
319.000000
319.000000
332.000000
319.000000
200.000000
305.000000
136.000000
284.000000
319.000000
332.000000
222.000000
280.000000
165.000000
305.000000
16.000000
207.000000
145.000000
384.000000
200.000000
165.000000
183.000000
249.000000
257.000000
219.000000
160.000000
54.000000
165.000000
160.000000
3.000000
249.000000
126.000000
165.000000
167.000000
200.000000
200.000000
183.000000
126.000000
167.000000
93.000000
332.000000
151.000000
134.000000
91.000000
215.000000
183.000000
213.000000
183.000000
183.000000
384.000000
183.000000
151.000000
147.000000
153.000000
91.000000
239.000000
384.000000
183.000000
319.000000
346.000000
122.000000
126.000000
339.000000
149.000000
296.000000
332.000000
134.000000
319.000000
149.000000
151.000000
200.000000
384.000000
319.000000
16.000000
183.000000
149.000000
134.000000
149.000000
3.000000
215.000000
213.000000
221.000000
93.000000
342.000000
93.000000
319.000000
138.000000
277.000000
54.000000
209.000000
200.000000
377.000000
284.000000
254.000000
209.000000
86.000000
200.000000
221.000000
149.000000
346.000000
165.000000
222.000000
70.000000
149.000000
381.000000
346.000000
149.000000
200.000000
319.000000
284.000000
183.000000
142.000000
221.000000
6.000000
151.000000
122.000000
222.000000
207.000000
200.000000
257.000000
200.000000
151.000000
183.000000
54.000000
183.000000
377.000000
332.000000
222.000000
65.000000
319.000000
351.000000
10.000000
284.000000
167.000000
183.000000
215.000000
377.000000
120.000000
183.000000
284.000000
351.000000
188.000000
215.000000
93.000000
346.000000
305.000000
183.000000
149.000000
149.000000
93.000000
149.000000
257.000000
151.000000
136.000000
284.000000
183.000000
183.000000
284.000000
296.000000
10.000000
221.000000
288.000000
288.000000
93.000000
93.000000
290.000000
388.000000
54.000000
183.000000
246.000000
346.000000
319.000000
362.000000
200.000000
165.000000
165.000000
151.000000
215.000000
219.000000
37.000000
165.000000
16.000000
126.000000
338.000000
120.000000
93.000000
44.000000
316.000000
91.000000
149.000000
319.000000
48.000000
284.000000
165.000000
285.000000
319.000000
319.000000
346.000000
210.000000
160.000000
290.000000
200.000000
288.000000
382.000000
384.000000
200.000000
284.000000
221.000000
10.000000
210.000000
134.000000
183.000000
151.000000
149.000000
93.000000
93.000000
93.000000
319.000000
200.000000
200.000000
284.000000
384.000000
332.000000
165.000000
319.000000
136.000000
160.000000
284.000000
288.000000
200.000000
54.000000
346.000000
271.000000
319.000000
57.000000
319.000000
227.000000
319.000000
384.000000
351.000000
346.000000
200.000000
319.000000
149.000000
319.000000
153.000000
151.000000
54.000000
93.000000
215.000000
167.000000
44.000000
183.000000
153.000000
215.000000
283.000000
16.000000
207.000000
319.000000
126.000000
183.000000
136.000000
342.000000
16.000000
319.000000
93.000000
3.000000
136.000000
221.000000
200.000000
16.000000
183.000000
346.000000
151.000000
153.000000
215.000000
64.000000
165.000000
149.000000
183.000000
151.000000
158.000000
357.000000
350.000000
134.000000
209.000000
183.000000
183.000000
160.000000
96.000000
319.000000
288.000000
358.000000
183.000000
284.000000
70.000000
254.000000
57.000000
160.000000
384.000000
200.000000
151.000000
319.000000
153.000000
239.000000
165.000000
384.000000
151.000000
57.000000
178.000000
183.000000
183.000000
93.000000
239.000000
227.000000
384.000000
10.000000
200.000000
183.000000
149.000000
372.000000
357.000000
151.000000
149.000000
93.000000
25.000000
183.000000
183.000000
319.000000
165.000000
234.000000
151.000000
221.000000
288.000000
151.000000
319.000000
149.000000
295.000000
149.000000
158.000000
183.000000
183.000000
86.000000
126.000000
151.000000
200.000000
221.000000
122.000000
57.000000
351.000000
183.000000
296.000000
3.000000
249.000000
3.000000
134.000000
215.000000
284.000000
332.000000
296.000000
285.000000
160.000000
222.000000
153.000000
134.000000
183.000000
184.000000
54.000000
165.000000
16.000000
149.000000
151.000000
319.000000
151.000000
93.000000
215.000000
183.000000
217.000000
93.000000
122.000000
207.000000
153.000000
57.000000
28.000000
384.000000
136.000000
284.000000
3.000000
284.000000
120.000000
120.000000
384.000000
221.000000
10.000000
165.000000
183.000000
384.000000
284.000000
217.000000
284.000000
284.000000
209.000000
151.000000
360.000000
384.000000
136.000000
183.000000
54.000000
147.000000
54.000000
305.000000
93.000000
165.000000
284.000000
160.000000
221.000000
227.000000
384.000000
42.000000
200.000000
319.000000
165.000000
180.000000
200.000000
3.000000
149.000000
151.000000
284.000000
210.000000
284.000000
183.000000
174.000000
200.000000
346.000000
57.000000
319.000000
346.000000
153.000000
153.000000
153.000000
64.000000
273.000000
278.000000
288.000000
180.000000
271.000000
122.000000
183.000000
149.000000
209.000000
215.000000
10.000000
183.000000
215.000000
183.000000
42.000000
69.000000
38.000000
183.000000
151.000000
215.000000
153.000000
257.000000
165.000000
149.000000
96.000000
151.000000
221.000000
86.000000
42.000000
93.000000
284.000000
149.000000
318.000000
167.000000
181.000000
319.000000
384.000000
278.000000
358.000000
183.000000
153.000000
319.000000
319.000000
284.000000
151.000000
200.000000
284.000000
54.000000
284.000000
319.000000
200.000000
288.000000
200.000000
100.000000
120.000000
183.000000
200.000000
183.000000
126.000000
319.000000
160.000000
284.000000
284.000000
284.000000
305.000000
93.000000
210.000000
183.000000
183.000000
284.000000
161.000000
281.000000
3.000000
151.000000
284.000000
167.000000
134.000000
93.000000
160.000000
38.000000
151.000000
319.000000
351.000000
319.000000
16.000000
295.000000
319.000000
149.000000
278.000000
296.000000
319.000000
360.000000
134.000000
206.000000
249.000000
221.000000
284.000000
54.000000
285.000000
153.000000
377.000000
42.000000
215.000000
102.000000
180.000000
252.000000
215.000000
183.000000
262.000000
384.000000
222.000000
217.000000
215.000000
284.000000
332.000000
257.000000
384.000000
151.000000
222.000000
319.000000
332.000000
3.000000
16.000000
183.000000
183.000000
54.000000
165.000000
54.000000
120.000000
3.000000
288.000000
149.000000
319.000000
384.000000
93.000000
384.000000
232.000000
57.000000
319.000000
200.000000
151.000000
93.000000
10.000000
200.000000
382.000000
284.000000
149.000000
149.000000
164.000000
93.000000
364.000000
102.000000
319.000000
222.000000
285.000000
295.000000
357.000000
65.000000
215.000000
183.000000
319.000000
183.000000
120.000000
346.000000
319.000000
134.000000
280.000000
149.000000
284.000000
151.000000
183.000000
351.000000
93.000000
284.000000
91.000000
169.000000
271.000000
153.000000
183.000000
249.000000
342.000000
284.000000
350.000000
319.000000
183.000000
284.000000
93.000000
332.000000
181.000000
149.000000
54.000000
284.000000
284.000000
284.000000
319.000000
183.000000
10.000000
93.000000
332.000000
215.000000
120.000000
153.000000
200.000000
165.000000
232.000000
93.000000
149.000000
151.000000
91.000000
16.000000
183.000000
319.000000
149.000000
151.000000
183.000000
54.000000
219.000000
295.000000
57.000000
70.000000
200.000000
126.000000
357.000000
284.000000
165.000000
167.000000
222.000000
149.000000
215.000000
165.000000
149.000000
153.000000
284.000000
219.000000
284.000000
183.000000
350.000000
42.000000
346.000000
319.000000
153.000000
151.000000
215.000000
284.000000
362.000000
196.000000
131.000000
165.000000
346.000000
57.000000
165.000000
295.000000
279.000000
384.000000
183.000000
134.000000
96.000000
210.000000
165.000000
93.000000
221.000000
183.000000
153.000000
384.000000
200.000000
239.000000
183.000000
153.000000
181.000000
346.000000
284.000000
165.000000
284.000000
93.000000
210.000000
3.000000
93.000000
93.000000
284.000000
183.000000
165.000000
319.000000
183.000000
3.000000
384.000000
285.000000
319.000000
165.000000
54.000000
183.000000
54.000000
10.000000
319.000000
285.000000
207.000000
319.000000
200.000000
134.000000
377.000000
319.000000
384.000000
200.000000
126.000000
54.000000
93.000000
200.000000
108.000000
295.000000
93.000000
384.000000
183.000000
42.000000
319.000000
316.000000
183.000000
332.000000
319.000000
319.000000
153.000000
165.000000
334.000000
132.000000
384.000000
221.000000
284.000000
147.000000
19.000000
122.000000
10.000000
319.000000
200.000000
357.000000
285.000000
215.000000
151.000000
165.000000
234.000000
149.000000
82.000000
239.000000
377.000000
93.000000
165.000000
284.000000
190.000000
365.000000
200.000000
222.000000
221.000000
319.000000
319.000000
151.000000
165.000000
165.000000
332.000000
207.000000
319.000000
126.000000
149.000000
271.000000
151.000000
239.000000
93.000000
284.000000
126.000000
365.000000
54.000000
147.000000
147.000000
93.000000
153.000000
183.000000
122.000000
319.000000
295.000000
151.000000
200.000000
200.000000
54.000000
126.000000
153.000000
296.000000
183.000000
384.000000
319.000000
119.000000
6.000000
149.000000
274.000000
200.000000
165.000000
183.000000
44.000000
285.000000
183.000000
126.000000
93.000000
165.000000
149.000000
221.000000
234.000000
126.000000
180.000000
332.000000
284.000000
149.000000
183.000000
288.000000
93.000000
16.000000
384.000000
200.000000
165.000000
319.000000
288.000000
149.000000
215.000000
319.000000
93.000000
151.000000
200.000000
54.000000
57.000000
284.000000
319.000000
183.000000
149.000000
288.000000
165.000000
319.000000
278.000000
319.000000
153.000000
10.000000
183.000000
134.000000
305.000000
200.000000
165.000000
3.000000
126.000000
221.000000
183.000000
346.000000
167.000000
149.000000
215.000000
200.000000
153.000000
54.000000
200.000000
222.000000
87.000000
151.000000
105.000000
346.000000
153.000000
19.000000
134.000000
281.000000
210.000000
200.000000
18.000000
183.000000
362.000000
382.000000
200.000000
215.000000
183.000000
271.000000
151.000000
93.000000
246.000000
295.000000
136.000000
314.000000
249.000000
288.000000
215.000000
319.000000
70.000000
200.000000
183.000000
305.000000
153.000000
284.000000
183.000000
284.000000
382.000000
284.000000
358.000000
337.000000
183.000000
69.000000
91.000000
183.000000
221.000000
258.000000
161.000000
165.000000
284.000000
319.000000
384.000000
221.000000
183.000000
149.000000
319.000000
126.000000
165.000000
217.000000
165.000000
134.000000
284.000000
183.000000
165.000000
134.000000
221.000000
183.000000
271.000000
221.000000
149.000000
93.000000
209.000000
215.000000
215.000000
120.000000
93.000000
360.000000
215.000000
153.000000
120.000000
128.000000
54.000000
165.000000
357.000000
221.000000
183.000000
262.000000
346.000000
241.000000
149.000000
319.000000
288.000000
377.000000
126.000000
91.000000
16.000000
196.000000
215.000000
295.000000
27.000000
160.000000
200.000000
149.000000
151.000000
102.000000
183.000000
153.000000
149.000000
341.000000
384.000000
134.000000
163.000000
365.000000
346.000000
126.000000
64.000000
209.000000
93.000000
187.000000
69.000000
334.000000
149.000000
271.000000
183.000000
149.000000
319.000000
149.000000
149.000000
134.000000
249.000000
151.000000
377.000000
187.000000
284.000000
153.000000
16.000000
200.000000
338.000000
339.000000
149.000000
351.000000
260.000000
351.000000
210.000000
93.000000
183.000000
364.000000
10.000000
161.000000
134.000000
13.000000
215.000000
93.000000
149.000000
373.000000
183.000000
145.000000
183.000000
319.000000
151.000000
249.000000
37.000000
305.000000
151.000000
151.000000
217.000000
149.000000
86.000000
221.000000
160.000000
10.000000
377.000000
134.000000
183.000000
282.000000
183.000000
131.000000
120.000000
200.000000
217.000000
153.000000
183.000000
183.000000
153.000000
360.000000
93.000000
227.000000
6.000000
215.000000
25.000000
377.000000
134.000000
126.000000
151.000000
93.000000
295.000000
165.000000
384.000000
3.000000
319.000000
174.000000
188.000000
346.000000
16.000000
151.000000
239.000000
384.000000
222.000000
346.000000
70.000000
149.000000
153.000000
207.000000
93.000000
285.000000
86.000000
183.000000
200.000000
151.000000
120.000000
295.000000
384.000000
39.000000
183.000000
151.000000
10.000000
93.000000
332.000000
149.000000
165.000000
151.000000
149.000000
263.000000
295.000000
91.000000
203.000000
384.000000
120.000000
16.000000
93.000000
384.000000
54.000000
215.000000
134.000000
54.000000
319.000000
285.000000
149.000000
134.000000
126.000000
180.000000
239.000000
183.000000
167.000000
221.000000
136.000000
284.000000
183.000000
346.000000
350.000000
190.000000
295.000000
3.000000
57.000000
93.000000
200.000000
215.000000
64.000000
183.000000
99.000000
190.000000
58.000000
16.000000
93.000000
160.000000
295.000000
346.000000
93.000000
69.000000
200.000000
102.000000
357.000000
351.000000
54.000000
358.000000
215.000000
319.000000
120.000000
249.000000
360.000000
3.000000
183.000000
151.000000
357.000000
91.000000
319.000000
284.000000
22.000000
70.000000
183.000000
3.000000
295.000000
120.000000
16.000000
200.000000
151.000000
338.000000
183.000000
183.000000
221.000000
149.000000
165.000000
93.000000
37.000000
249.000000
90.000000
134.000000
145.000000
284.000000
319.000000
153.000000
207.000000
90.000000
126.000000
120.000000
134.000000
377.000000
120.000000
58.000000
131.000000
384.000000
316.000000
3.000000
64.000000
37.000000
165.000000
217.000000
149.000000
3.000000
319.000000
183.000000
134.000000
200.000000
167.000000
126.000000
358.000000
151.000000
206.000000
200.000000
183.000000
319.000000
16.000000
221.000000
319.000000
290.000000
200.000000
239.000000
284.000000
57.000000
3.000000
126.000000
284.000000
151.000000
183.000000
384.000000
271.000000
3.000000
134.000000
382.000000
295.000000
239.000000
93.000000
183.000000
122.000000
158.000000
222.000000
200.000000
151.000000
319.000000
319.000000
165.000000
319.000000
384.000000
210.000000
64.000000
93.000000
151.000000
3.000000
93.000000
149.000000
274.000000
134.000000
147.000000
126.000000
221.000000
105.000000
200.000000
384.000000
342.000000
151.000000
373.000000
183.000000
151.000000
384.000000
10.000000
215.000000
319.000000
284.000000
219.000000
183.000000
183.000000
384.000000
200.000000
295.000000
178.000000
221.000000
183.000000
332.000000
149.000000
346.000000
54.000000
153.000000
149.000000
221.000000
284.000000
136.000000
377.000000
319.000000
183.000000
122.000000
183.000000
384.000000
54.000000
295.000000
183.000000
93.000000
153.000000
295.000000
134.000000
296.000000
239.000000
151.000000
126.000000
93.000000
151.000000
305.000000
120.000000
346.000000
222.000000
200.000000
200.000000
165.000000
149.000000
174.000000
284.000000
183.000000
183.000000
93.000000
215.000000
54.000000
183.000000
153.000000
146.000000
149.000000
319.000000
288.000000
284.000000
215.000000
268.000000
346.000000
3.000000
149.000000
151.000000
357.000000
149.000000
39.000000
183.000000
165.000000
149.000000
183.000000
209.000000
151.000000
332.000000
10.000000
167.000000
165.000000
151.000000
377.000000
149.000000
339.000000
50.000000
151.000000
342.000000
96.000000
149.000000
183.000000
136.000000
377.000000
284.000000
183.000000
120.000000
165.000000
167.000000
284.000000
167.000000
65.000000
274.000000
319.000000
183.000000
93.000000
346.000000
377.000000
126.000000
87.000000
38.000000
42.000000
285.000000
183.000000
384.000000
319.000000
54.000000
153.000000
185.000000
134.000000
151.000000
16.000000
93.000000
377.000000
200.000000
93.000000
239.000000
373.000000
149.000000
200.000000
284.000000
93.000000
217.000000
284.000000
183.000000
219.000000
319.000000
183.000000
183.000000
282.000000
319.000000
377.000000
93.000000
384.000000
200.000000
93.000000
183.000000
57.000000
183.000000
183.000000
239.000000
319.000000
165.000000
93.000000
319.000000
10.000000
134.000000
384.000000
183.000000
239.000000
183.000000
221.000000
149.000000
93.000000
165.000000
149.000000
284.000000
288.000000
183.000000
102.000000
174.000000
151.000000
239.000000
210.000000
104.000000
284.000000
187.000000
10.000000
165.000000
183.000000
295.000000
3.000000
200.000000
167.000000
151.000000
346.000000
257.000000
284.000000
151.000000
165.000000
288.000000
54.000000
134.000000
278.000000
149.000000
10.000000
151.000000
200.000000
93.000000
221.000000
149.000000
93.000000
69.000000
372.000000
221.000000
332.000000
221.000000
183.000000
183.000000
222.000000
215.000000
3.000000
149.000000
91.000000
16.000000
93.000000
153.000000
153.000000
3.000000
207.000000
257.000000
295.000000
149.000000
93.000000
305.000000
86.000000
183.000000
149.000000
183.000000
122.000000
151.000000
54.000000
346.000000
140.000000
151.000000
222.000000
284.000000
183.000000
284.000000
3.000000
257.000000
165.000000
37.000000
384.000000
181.000000
346.000000
221.000000
271.000000
153.000000
200.000000
319.000000
284.000000
153.000000
149.000000
215.000000
319.000000
120.000000
183.000000
346.000000
308.000000
319.000000
54.000000
165.000000
42.000000
221.000000
384.000000
151.000000
249.000000
200.000000
54.000000
3.000000
165.000000
200.000000
215.000000
357.000000
165.000000
93.000000
151.000000
377.000000
151.000000
382.000000
285.000000
151.000000
93.000000
93.000000
147.000000
265.000000
200.000000
93.000000
167.000000
270.000000
319.000000
346.000000
54.000000
16.000000
284.000000
280.000000
183.000000
120.000000
271.000000
93.000000
149.000000
153.000000
357.000000
206.000000
160.000000
284.000000
239.000000
165.000000
221.000000
149.000000
39.000000
153.000000
200.000000
93.000000
358.000000
3.000000
57.000000
183.000000
165.000000
284.000000
102.000000
151.000000
93.000000
215.000000
134.000000
221.000000
183.000000
284.000000
151.000000
296.000000
200.000000
200.000000
319.000000
149.000000
357.000000
131.000000
284.000000
222.000000
102.000000
54.000000
151.000000
200.000000
284.000000
151.000000
57.000000
44.000000
346.000000
319.000000
346.000000
39.000000
346.000000
153.000000
93.000000
153.000000
257.000000
319.000000
215.000000
93.000000
239.000000
149.000000
54.000000
284.000000
147.000000
149.000000
134.000000
151.000000
183.000000
183.000000
134.000000
215.000000
319.000000
201.000000
319.000000
210.000000
319.000000
39.000000
183.000000
384.000000
149.000000
215.000000
319.000000
54.000000
57.000000
102.000000
93.000000
332.000000
158.000000
151.000000
183.000000
153.000000
346.000000
180.000000
3.000000
271.000000
319.000000
234.000000
183.000000
183.000000
210.000000
54.000000
93.000000
153.000000
149.000000
319.000000
70.000000
183.000000
284.000000
96.000000
183.000000
314.000000
284.000000
239.000000
151.000000
319.000000
16.000000
134.000000
120.000000
103.000000
16.000000
178.000000
134.000000
153.000000
151.000000
93.000000
149.000000
319.000000
93.000000
165.000000
314.000000
183.000000
271.000000
151.000000
95.000000
91.000000
183.000000
384.000000
93.000000
183.000000
54.000000
200.000000
183.000000
6.000000
377.000000
167.000000
149.000000
16.000000
93.000000
319.000000
183.000000
0.000000
249.000000
74.000000
183.000000
151.000000
200.000000
93.000000
151.000000
319.000000
200.000000
174.000000
200.000000
91.000000
149.000000
200.000000
93.000000
151.000000
134.000000
200.000000
382.000000
70.000000
319.000000
377.000000
13.000000
200.000000
151.000000
332.000000
134.000000
215.000000
384.000000
134.000000
10.000000
153.000000
210.000000
352.000000
165.000000
284.000000
274.000000
10.000000
200.000000
215.000000
360.000000
134.000000
200.000000
91.000000
57.000000
126.000000
358.000000
165.000000
360.000000
149.000000
332.000000
284.000000
151.000000
151.000000
165.000000
346.000000
147.000000
221.000000
346.000000
319.000000
210.000000
160.000000
319.000000
54.000000
39.000000
165.000000
271.000000
151.000000
284.000000
319.000000
149.000000
10.000000
149.000000
319.000000
165.000000
200.000000
86.000000
54.000000
332.000000
28.000000
382.000000
234.000000
360.000000
42.000000
153.000000
149.000000
183.000000
183.000000
151.000000
151.000000
44.000000
54.000000
222.000000
257.000000
151.000000
384.000000
151.000000
134.000000
153.000000
288.000000
151.000000
200.000000
314.000000
332.000000
319.000000
200.000000
102.000000
332.000000
221.000000
10.000000
384.000000
149.000000
183.000000
215.000000
183.000000
165.000000
151.000000
207.000000
102.000000
126.000000
215.000000
10.000000
318.000000
180.000000
384.000000
350.000000
167.000000
285.000000
126.000000
200.000000
271.000000
200.000000
165.000000
149.000000
3.000000
377.000000
93.000000
120.000000
149.000000
295.000000
49.000000
384.000000
153.000000
200.000000
319.000000
44.000000
296.000000
54.000000
319.000000
134.000000
102.000000
134.000000
334.000000
149.000000
339.000000
93.000000
134.000000
93.000000
349.000000
54.000000
136.000000
134.000000
284.000000
84.000000
3.000000
200.000000
165.000000
134.000000
200.000000
215.000000
217.000000
183.000000
215.000000
288.000000
284.000000
183.000000
377.000000
145.000000
102.000000
319.000000
332.000000
285.000000
254.000000
219.000000
221.000000
200.000000
296.000000
93.000000
70.000000
165.000000
319.000000
377.000000
120.000000
251.000000
149.000000
288.000000
3.000000
288.000000
183.000000
215.000000
206.000000
285.000000
222.000000
167.000000
183.000000
288.000000
200.000000
249.000000
28.000000
377.000000
346.000000
319.000000
134.000000
120.000000
54.000000
200.000000
384.000000
167.000000
284.000000
151.000000
70.000000
149.000000
126.000000
3.000000
258.000000
151.000000
183.000000
384.000000
384.000000
149.000000
151.000000
149.000000
111.000000
153.000000
200.000000
93.000000
319.000000
332.000000
134.000000
384.000000
249.000000
213.000000
57.000000
93.000000
283.000000
271.000000
257.000000
200.000000
165.000000
86.000000
151.000000
93.000000
153.000000
206.000000
215.000000
215.000000
305.000000
285.000000
384.000000
187.000000
284.000000
151.000000
126.000000
217.000000
200.000000
384.000000
126.000000
93.000000
200.000000
104.000000
131.000000
183.000000
102.000000
284.000000
319.000000
217.000000
215.000000
149.000000
319.000000
319.000000
384.000000
215.000000
319.000000
69.000000
319.000000
149.000000
357.000000
215.000000
149.000000
134.000000
