2.184000000000000000e+03
2.440000000000000000e+02
3.606000000000000000e+03
1.020000000000000000e+03
3.351000000000000000e+03
1.052000000000000000e+03
3.656000000000000000e+03
2.972000000000000000e+03
1.065000000000000000e+03
3.678000000000000000e+03
3.057000000000000000e+03
7.560000000000000000e+02
3.462000000000000000e+03
1.496000000000000000e+03
1.630000000000000000e+02
9.730000000000000000e+02
3.030000000000000000e+02
3.177000000000000000e+03
2.387000000000000000e+03
2.175000000000000000e+03
3.181000000000000000e+03
2.192000000000000000e+03
3.385000000000000000e+03
2.300000000000000000e+01
3.280000000000000000e+02
1.614000000000000000e+03
3.776000000000000000e+03
1.736000000000000000e+03
1.812000000000000000e+03
4.120000000000000000e+02
1.822000000000000000e+03
3.467000000000000000e+03
2.184000000000000000e+03
5.150000000000000000e+02
2.705000000000000000e+03
5.150000000000000000e+02
2.230000000000000000e+02
2.700000000000000000e+01
1.459000000000000000e+03
5.150000000000000000e+02
1.667000000000000000e+03
2.668000000000000000e+03
3.290000000000000000e+02
5.470000000000000000e+02
3.370000000000000000e+02
1.070000000000000000e+02
2.780000000000000000e+03
1.453000000000000000e+03
1.830000000000000000e+02
1.861000000000000000e+03
1.995000000000000000e+03
9.890000000000000000e+02
3.505000000000000000e+03
1.429000000000000000e+03
2.167000000000000000e+03
3.300000000000000000e+01
5.470000000000000000e+02
2.972000000000000000e+03
1.359000000000000000e+03
1.736000000000000000e+03
1.157000000000000000e+03
2.233000000000000000e+03
2.841000000000000000e+03
3.864000000000000000e+03
2.686000000000000000e+03
1.144000000000000000e+03
2.878000000000000000e+03
3.286000000000000000e+03
3.385000000000000000e+03
1.483000000000000000e+03
7.730000000000000000e+02
1.361000000000000000e+03
3.635000000000000000e+03
1.668000000000000000e+03
2.792000000000000000e+03
2.278000000000000000e+03
5.150000000000000000e+02
2.138000000000000000e+03
6.910000000000000000e+02
2.490000000000000000e+03
2.588000000000000000e+03
2.676000000000000000e+03
3.055000000000000000e+03
2.974000000000000000e+03
3.186000000000000000e+03
1.781000000000000000e+03
3.000000000000000000e+02
7.040000000000000000e+02
3.370000000000000000e+02
3.491000000000000000e+03
1.465000000000000000e+03
2.432000000000000000e+03
3.848000000000000000e+03
8.570000000000000000e+02
5.290000000000000000e+02
1.589000000000000000e+03
3.430000000000000000e+03
1.796000000000000000e+03
1.736000000000000000e+03
1.255000000000000000e+03
3.280000000000000000e+02
3.491000000000000000e+03
8.470000000000000000e+02
1.666000000000000000e+03
2.096000000000000000e+03
9.750000000000000000e+02
2.117000000000000000e+03
2.729000000000000000e+03
2.588000000000000000e+03
3.249000000000000000e+03
1.255000000000000000e+03
1.151000000000000000e+03
9.100000000000000000e+02
1.053000000000000000e+03
2.470000000000000000e+02
3.220000000000000000e+02
3.848000000000000000e+03
2.481000000000000000e+03
8.080000000000000000e+02
1.133000000000000000e+03
3.882000000000000000e+03
4.620000000000000000e+02
2.013000000000000000e+03
3.467000000000000000e+03
3.288000000000000000e+03
4.060000000000000000e+02
3.790000000000000000e+03
2.972000000000000000e+03
2.052000000000000000e+03
1.287000000000000000e+03
1.203000000000000000e+03
1.289000000000000000e+03
8.950000000000000000e+02
3.380000000000000000e+02
2.523000000000000000e+03
2.239000000000000000e+03
1.359000000000000000e+03
4.050000000000000000e+02
1.275000000000000000e+03
1.486000000000000000e+03
1.286000000000000000e+03
7.050000000000000000e+02
3.850000000000000000e+03
2.721000000000000000e+03
3.180000000000000000e+03
1.727000000000000000e+03
1.430000000000000000e+02
3.889000000000000000e+03
1.783000000000000000e+03
2.107000000000000000e+03
1.586000000000000000e+03
3.205000000000000000e+03
6.480000000000000000e+02
2.057000000000000000e+03
2.570000000000000000e+03
5.980000000000000000e+02
1.970000000000000000e+02
3.006000000000000000e+03
1.116000000000000000e+03
3.703000000000000000e+03
2.580000000000000000e+02
2.305000000000000000e+03
2.117000000000000000e+03
4.000000000000000000e+00
2.004000000000000000e+03
3.481000000000000000e+03
2.249000000000000000e+03
1.247000000000000000e+03
3.606000000000000000e+03
8.000000000000000000e+01
2.030000000000000000e+02
1.442000000000000000e+03
3.480000000000000000e+02
3.186000000000000000e+03
3.006000000000000000e+03
4.280000000000000000e+02
1.384000000000000000e+03
2.177000000000000000e+03
3.296000000000000000e+03
3.280000000000000000e+02
2.264000000000000000e+03
2.997000000000000000e+03
3.631000000000000000e+03
2.322000000000000000e+03
3.793000000000000000e+03
8.460000000000000000e+02
3.220000000000000000e+02
3.610000000000000000e+02
3.030000000000000000e+02
7.300000000000000000e+02
3.878000000000000000e+03
6.140000000000000000e+02
1.630000000000000000e+02
1.360000000000000000e+02
1.275000000000000000e+03
1.966000000000000000e+03
6.930000000000000000e+02
3.520000000000000000e+03
3.220000000000000000e+02
6.940000000000000000e+02
8.570000000000000000e+02
1.064000000000000000e+03
2.854000000000000000e+03
2.329000000000000000e+03
1.406000000000000000e+03
2.672000000000000000e+03
1.594000000000000000e+03
2.516000000000000000e+03
1.536000000000000000e+03
2.996000000000000000e+03
1.632000000000000000e+03
4.120000000000000000e+02
4.260000000000000000e+02
8.850000000000000000e+02
3.152000000000000000e+03
6.680000000000000000e+02
3.218000000000000000e+03
3.280000000000000000e+02
1.583000000000000000e+03
5.150000000000000000e+02
7.540000000000000000e+02
2.190000000000000000e+03
3.410000000000000000e+03
2.470000000000000000e+02
2.177000000000000000e+03
7.890000000000000000e+02
2.117000000000000000e+03
1.710000000000000000e+02
1.034000000000000000e+03
2.996000000000000000e+03
3.596000000000000000e+03
3.009000000000000000e+03
2.409000000000000000e+03
2.292000000000000000e+03
1.442000000000000000e+03
3.249000000000000000e+03
1.085000000000000000e+03
2.352000000000000000e+03
2.392000000000000000e+03
5.640000000000000000e+02
3.896000000000000000e+03
3.241000000000000000e+03
3.023000000000000000e+03
2.130000000000000000e+03
4.060000000000000000e+02
1.237000000000000000e+03
5.010000000000000000e+02
5.150000000000000000e+02
9.640000000000000000e+02
2.510000000000000000e+03
5.350000000000000000e+02
4.700000000000000000e+01
3.071000000000000000e+03
1.486000000000000000e+03
1.359000000000000000e+03
3.368000000000000000e+03
3.548000000000000000e+03
2.937000000000000000e+03
4.120000000000000000e+02
1.182000000000000000e+03
2.540000000000000000e+03
1.740000000000000000e+02
3.424000000000000000e+03
1.000000000000000000e+02
1.367000000000000000e+03
2.570000000000000000e+03
2.117000000000000000e+03
5.140000000000000000e+02
3.253000000000000000e+03
3.042000000000000000e+03
2.595000000000000000e+03
3.411000000000000000e+03
1.013000000000000000e+03
3.775000000000000000e+03
4.120000000000000000e+02
4.930000000000000000e+02
2.142000000000000000e+03
2.110000000000000000e+02
3.462000000000000000e+03
2.617000000000000000e+03
1.133000000000000000e+03
1.530000000000000000e+03
1.425000000000000000e+03
4.470000000000000000e+02
2.632000000000000000e+03
3.419000000000000000e+03
1.317000000000000000e+03
3.387000000000000000e+03
3.470000000000000000e+02
3.046000000000000000e+03
4.000000000000000000e+00
2.112000000000000000e+03
3.509000000000000000e+03
1.035000000000000000e+03
1.691000000000000000e+03
2.925000000000000000e+03
2.741000000000000000e+03
3.203000000000000000e+03
1.043000000000000000e+03
3.378000000000000000e+03
1.092000000000000000e+03
5.920000000000000000e+02
1.151000000000000000e+03
1.261000000000000000e+03
2.164000000000000000e+03
1.790000000000000000e+02
5.310000000000000000e+02
7.100000000000000000e+01
3.641000000000000000e+03
5.400000000000000000e+02
1.342000000000000000e+03
3.640000000000000000e+03
1.486000000000000000e+03
5.950000000000000000e+02
1.806000000000000000e+03
9.710000000000000000e+02
5.470000000000000000e+02
3.211000000000000000e+03
1.172000000000000000e+03
1.790000000000000000e+02
7.050000000000000000e+02
3.062000000000000000e+03
1.628000000000000000e+03
1.237000000000000000e+03
3.244000000000000000e+03
6.360000000000000000e+02
1.060000000000000000e+02
1.052000000000000000e+03
3.378000000000000000e+03
2.238000000000000000e+03
2.030000000000000000e+02
3.765000000000000000e+03
3.733000000000000000e+03
1.586000000000000000e+03
1.823000000000000000e+03
1.333000000000000000e+03
2.253000000000000000e+03
2.827000000000000000e+03
3.720000000000000000e+02
1.359000000000000000e+03
2.617000000000000000e+03
1.367000000000000000e+03
3.744000000000000000e+03
1.628000000000000000e+03
2.522000000000000000e+03
2.380000000000000000e+02
8.290000000000000000e+02
9.600000000000000000e+01
1.261000000000000000e+03
2.070000000000000000e+03
1.710000000000000000e+02
1.486000000000000000e+03
3.484000000000000000e+03
3.504000000000000000e+03
2.664000000000000000e+03
2.708000000000000000e+03
1.252000000000000000e+03
3.177000000000000000e+03
3.085000000000000000e+03
2.001000000000000000e+03
1.330000000000000000e+03
9.240000000000000000e+02
1.139000000000000000e+03
2.192000000000000000e+03
2.142000000000000000e+03
2.052000000000000000e+03
2.560000000000000000e+02
3.670000000000000000e+02
3.577000000000000000e+03
1.924000000000000000e+03
2.940000000000000000e+03
2.668000000000000000e+03
5.040000000000000000e+02
3.516000000000000000e+03
3.190000000000000000e+02
4.310000000000000000e+02
3.656000000000000000e+03
1.701000000000000000e+03
4.050000000000000000e+02
1.712000000000000000e+03
2.021000000000000000e+03
3.550000000000000000e+02
3.330000000000000000e+02
2.391000000000000000e+03
2.117000000000000000e+03
3.495000000000000000e+03
1.713000000000000000e+03
3.529000000000000000e+03
4.530000000000000000e+02
3.626000000000000000e+03
3.150000000000000000e+03
3.330000000000000000e+02
1.085000000000000000e+03
2.231000000000000000e+03
8.510000000000000000e+02
2.972000000000000000e+03
1.900000000000000000e+02
1.203000000000000000e+03
2.560000000000000000e+02
3.638000000000000000e+03
3.272000000000000000e+03
2.600000000000000000e+03
1.551000000000000000e+03
5.990000000000000000e+02
3.296000000000000000e+03
8.570000000000000000e+02
6.360000000000000000e+02
2.529000000000000000e+03
2.110000000000000000e+02
1.517000000000000000e+03
1.358000000000000000e+03
2.920000000000000000e+02
3.647000000000000000e+03
3.882000000000000000e+03
2.101000000000000000e+03
1.245000000000000000e+03
4.600000000000000000e+02
4.930000000000000000e+02
1.746000000000000000e+03
1.583000000000000000e+03
8.290000000000000000e+02
3.156000000000000000e+03
3.009000000000000000e+03
3.733000000000000000e+03
3.254000000000000000e+03
2.013000000000000000e+03
6.560000000000000000e+02
2.470000000000000000e+02
7.950000000000000000e+02
3.411000000000000000e+03
2.396000000000000000e+03
4.260000000000000000e+02
1.664000000000000000e+03
2.934000000000000000e+03
2.292000000000000000e+03
1.892000000000000000e+03
2.010000000000000000e+02
2.123000000000000000e+03
2.493000000000000000e+03
3.378000000000000000e+03
2.070000000000000000e+03
1.305000000000000000e+03
2.524000000000000000e+03
1.664000000000000000e+03
4.210000000000000000e+02
2.240000000000000000e+02
2.035000000000000000e+03
3.790000000000000000e+03
1.668000000000000000e+03
1.238000000000000000e+03
1.508000000000000000e+03
1.368000000000000000e+03
3.574000000000000000e+03
3.020000000000000000e+03
3.848000000000000000e+03
1.727000000000000000e+03
1.484000000000000000e+03
1.918000000000000000e+03
1.370000000000000000e+03
4.020000000000000000e+02
2.390000000000000000e+03
1.116000000000000000e+03
8.520000000000000000e+02
1.028000000000000000e+03
8.300000000000000000e+02
2.267000000000000000e+03
4.310000000000000000e+02
2.332000000000000000e+03
3.179000000000000000e+03
3.411000000000000000e+03
8.500000000000000000e+02
3.280000000000000000e+02
1.286000000000000000e+03
3.253000000000000000e+03
3.720000000000000000e+02
1.540000000000000000e+02
1.571000000000000000e+03
2.506000000000000000e+03
3.282000000000000000e+03
3.257000000000000000e+03
7.500000000000000000e+02
2.292000000000000000e+03
1.928000000000000000e+03
3.612000000000000000e+03
1.203000000000000000e+03
2.367000000000000000e+03
1.625000000000000000e+03
6.680000000000000000e+02
7.010000000000000000e+02
6.200000000000000000e+01
1.522000000000000000e+03
2.523000000000000000e+03
3.485000000000000000e+03
2.378000000000000000e+03
1.219000000000000000e+03
2.588000000000000000e+03
3.211000000000000000e+03
3.606000000000000000e+03
1.858000000000000000e+03
1.859000000000000000e+03
8.380000000000000000e+02
1.735000000000000000e+03
2.392000000000000000e+03
4.460000000000000000e+02
2.635000000000000000e+03
3.218000000000000000e+03
1.298000000000000000e+03
3.411000000000000000e+03
1.300000000000000000e+01
1.247000000000000000e+03
1.367000000000000000e+03
3.380000000000000000e+02
3.745000000000000000e+03
3.187000000000000000e+03
2.107000000000000000e+03
2.093000000000000000e+03
2.529000000000000000e+03
1.710000000000000000e+02
2.986000000000000000e+03
1.859000000000000000e+03
1.128000000000000000e+03
1.664000000000000000e+03
3.848000000000000000e+03
3.070000000000000000e+03
4.090000000000000000e+02
2.535000000000000000e+03
2.350000000000000000e+03
2.107000000000000000e+03
1.483000000000000000e+03
1.574000000000000000e+03
3.046000000000000000e+03
1.298000000000000000e+03
1.994000000000000000e+03
5.030000000000000000e+02
1.796000000000000000e+03
6.930000000000000000e+02
1.559000000000000000e+03
1.203000000000000000e+03
1.649000000000000000e+03
1.355000000000000000e+03
1.399000000000000000e+03
3.385000000000000000e+03
1.240000000000000000e+03
2.925000000000000000e+03
6.000000000000000000e+02
1.712000000000000000e+03
2.134000000000000000e+03
1.644000000000000000e+03
2.722000000000000000e+03
3.574000000000000000e+03
1.052000000000000000e+03
2.600000000000000000e+03
2.982000000000000000e+03
2.107000000000000000e+03
1.799000000000000000e+03
1.589000000000000000e+03
1.691000000000000000e+03
3.286000000000000000e+03
2.584000000000000000e+03
1.859000000000000000e+03
2.520000000000000000e+02
2.267000000000000000e+03
1.938000000000000000e+03
3.320000000000000000e+03
1.368000000000000000e+03
1.006000000000000000e+03
8.600000000000000000e+01
3.848000000000000000e+03
1.294000000000000000e+03
2.695000000000000000e+03
2.130000000000000000e+03
2.226000000000000000e+03
1.217000000000000000e+03
1.586000000000000000e+03
2.240000000000000000e+02
3.411000000000000000e+03
3.387000000000000000e+03
1.224000000000000000e+03
3.956000000000000000e+03
1.070000000000000000e+02
1.620000000000000000e+03
2.292000000000000000e+03
1.240000000000000000e+03
2.107000000000000000e+03
3.820000000000000000e+02
3.184000000000000000e+03
1.781000000000000000e+03
4.600000000000000000e+01
3.009000000000000000e+03
1.403000000000000000e+03
7.550000000000000000e+02
2.337000000000000000e+03
2.070000000000000000e+02
1.128000000000000000e+03
3.700000000000000000e+02
3.646000000000000000e+03
3.288000000000000000e+03
3.252000000000000000e+03
2.996000000000000000e+03
3.257000000000000000e+03
2.063000000000000000e+03
3.411000000000000000e+03
1.995000000000000000e+03
1.712000000000000000e+03
2.105000000000000000e+03
2.680000000000000000e+03
1.403000000000000000e+03
1.761000000000000000e+03
3.058000000000000000e+03
1.720000000000000000e+03
5.310000000000000000e+02
3.462000000000000000e+03
2.208000000000000000e+03
1.667000000000000000e+03
1.712000000000000000e+03
3.152000000000000000e+03
7.130000000000000000e+02
1.797000000000000000e+03
1.398000000000000000e+03
2.013000000000000000e+03
5.150000000000000000e+02
1.924000000000000000e+03
9.800000000000000000e+01
1.745000000000000000e+03
2.107000000000000000e+03
4.280000000000000000e+02
2.063000000000000000e+03
2.752000000000000000e+03
3.459000000000000000e+03
3.135000000000000000e+03
1.946000000000000000e+03
5.520000000000000000e+02
2.132000000000000000e+03
3.653000000000000000e+03
1.006000000000000000e+03
2.063000000000000000e+03
2.970000000000000000e+03
1.977000000000000000e+03
1.991000000000000000e+03
2.664000000000000000e+03
3.009000000000000000e+03
3.541000000000000000e+03
1.830000000000000000e+02
3.186000000000000000e+03
1.282000000000000000e+03
2.182000000000000000e+03
2.348000000000000000e+03
3.241000000000000000e+03
2.903000000000000000e+03
7.550000000000000000e+02
3.187000000000000000e+03
1.224000000000000000e+03
6.170000000000000000e+02
7.540000000000000000e+02
1.946000000000000000e+03
3.827000000000000000e+03
3.908000000000000000e+03
2.894000000000000000e+03
2.780000000000000000e+03
3.272000000000000000e+03
3.180000000000000000e+03
3.574000000000000000e+03
2.280000000000000000e+03
1.486000000000000000e+03
2.280000000000000000e+03
3.702000000000000000e+03
6.330000000000000000e+02
2.635000000000000000e+03
3.430000000000000000e+03
1.750000000000000000e+02
1.540000000000000000e+02
1.658000000000000000e+03
3.351000000000000000e+03
3.505000000000000000e+03
6.000000000000000000e+02
7.010000000000000000e+02
2.350000000000000000e+03
3.672000000000000000e+03
3.211000000000000000e+03
3.878000000000000000e+03
3.055000000000000000e+03
3.179000000000000000e+03
2.117000000000000000e+03
2.624000000000000000e+03
6.910000000000000000e+02
2.358000000000000000e+03
1.444000000000000000e+03
2.196000000000000000e+03
3.156000000000000000e+03
1.020000000000000000e+03
2.107000000000000000e+03
3.878000000000000000e+03
1.620000000000000000e+03
2.841000000000000000e+03
2.660000000000000000e+03
1.052000000000000000e+03
3.030000000000000000e+02
2.160000000000000000e+03
1.920000000000000000e+03
2.063000000000000000e+03
2.630000000000000000e+02
2.972000000000000000e+03
2.337000000000000000e+03
1.128000000000000000e+03
1.892000000000000000e+03
2.629000000000000000e+03
3.747000000000000000e+03
1.796000000000000000e+03
3.827000000000000000e+03
1.206000000000000000e+03
3.815000000000000000e+03
3.430000000000000000e+02
3.574000000000000000e+03
2.855000000000000000e+03
1.920000000000000000e+03
2.146000000000000000e+03
2.094000000000000000e+03
3.674000000000000000e+03
1.006000000000000000e+03
1.298000000000000000e+03
3.635000000000000000e+03
3.612000000000000000e+03
3.300000000000000000e+01
3.951000000000000000e+03
3.481000000000000000e+03
3.620000000000000000e+03
5.030000000000000000e+02
2.986000000000000000e+03
5.950000000000000000e+02
2.820000000000000000e+02
1.085000000000000000e+03
5.290000000000000000e+02
1.238000000000000000e+03
2.860000000000000000e+03
2.128000000000000000e+03
2.493000000000000000e+03
3.411000000000000000e+03
1.820000000000000000e+02
9.710000000000000000e+02
2.660000000000000000e+03
1.484000000000000000e+03
8.950000000000000000e+02
3.574000000000000000e+03
1.333000000000000000e+03
1.799000000000000000e+03
3.727000000000000000e+03
2.348000000000000000e+03
2.982000000000000000e+03
2.986000000000000000e+03
1.275000000000000000e+03
2.780000000000000000e+03
9.450000000000000000e+02
2.624000000000000000e+03
1.694000000000000000e+03
1.465000000000000000e+03
3.612000000000000000e+03
1.858000000000000000e+03
3.241000000000000000e+03
3.399000000000000000e+03
3.583000000000000000e+03
2.226000000000000000e+03
3.676000000000000000e+03
3.569000000000000000e+03
2.939000000000000000e+03
2.738000000000000000e+03
2.903000000000000000e+03
2.177000000000000000e+03
1.062000000000000000e+03
1.694000000000000000e+03
2.808000000000000000e+03
2.516000000000000000e+03
2.332000000000000000e+03
3.770000000000000000e+02
3.638000000000000000e+03
6.480000000000000000e+02
2.520000000000000000e+02
2.541000000000000000e+03
3.109000000000000000e+03
1.079000000000000000e+03
2.014000000000000000e+03
5.070000000000000000e+02
3.385000000000000000e+03
3.091000000000000000e+03
3.411000000000000000e+03
3.180000000000000000e+02
6.740000000000000000e+02
8.080000000000000000e+02
3.320000000000000000e+03
1.224000000000000000e+03
1.330000000000000000e+03
1.410000000000000000e+02
3.156000000000000000e+03
1.070000000000000000e+02
1.423000000000000000e+03
1.203000000000000000e+03
2.827000000000000000e+03
9.600000000000000000e+01
2.677000000000000000e+03
2.593000000000000000e+03
3.380000000000000000e+02
1.028000000000000000e+03
7.500000000000000000e+02
2.240000000000000000e+02
8.080000000000000000e+02
7.300000000000000000e+02
3.009000000000000000e+03
3.292000000000000000e+03
1.160000000000000000e+03
3.253000000000000000e+03
4.090000000000000000e+02
3.279000000000000000e+03
1.649000000000000000e+03
5.070000000000000000e+02
3.896000000000000000e+03
3.700000000000000000e+02
1.357000000000000000e+03
8.820000000000000000e+02
2.410000000000000000e+03
1.333000000000000000e+03
2.283000000000000000e+03
1.151000000000000000e+03
4.630000000000000000e+02
3.351000000000000000e+03
3.765000000000000000e+03
3.469000000000000000e+03
1.788000000000000000e+03
2.167000000000000000e+03
3.065000000000000000e+03
1.384000000000000000e+03
4.600000000000000000e+01
3.300000000000000000e+01
3.380000000000000000e+02
8.290000000000000000e+02
3.506000000000000000e+03
7.050000000000000000e+02
2.648000000000000000e+03
1.219000000000000000e+03
1.822000000000000000e+03
1.477000000000000000e+03
1.486000000000000000e+03
1.978000000000000000e+03
1.531000000000000000e+03
2.992000000000000000e+03
1.483000000000000000e+03
3.580000000000000000e+02
1.631000000000000000e+03
7.010000000000000000e+02
1.761000000000000000e+03
3.953000000000000000e+03
1.712000000000000000e+03
2.110000000000000000e+02
2.677000000000000000e+03
1.370000000000000000e+03
5.280000000000000000e+02
2.558000000000000000e+03
3.186000000000000000e+03
3.793000000000000000e+03
3.690000000000000000e+03
2.658000000000000000e+03
2.934000000000000000e+03
2.112000000000000000e+03
3.714000000000000000e+03
1.003000000000000000e+03
1.255000000000000000e+03
3.866000000000000000e+03
1.374000000000000000e+03
1.739000000000000000e+03
3.953000000000000000e+03
1.315000000000000000e+03
3.495000000000000000e+03
1.670000000000000000e+03
1.760000000000000000e+02
3.670000000000000000e+02
2.588000000000000000e+03
3.062000000000000000e+03
4.260000000000000000e+02
3.411000000000000000e+03
3.360000000000000000e+02
3.411000000000000000e+03
2.816000000000000000e+03
1.237000000000000000e+03
8.950000000000000000e+02
2.382000000000000000e+03
2.939000000000000000e+03
2.266000000000000000e+03
3.747000000000000000e+03
2.738000000000000000e+03
1.651000000000000000e+03
1.053000000000000000e+03
2.635000000000000000e+03
2.184000000000000000e+03
3.152000000000000000e+03
4.050000000000000000e+02
3.183000000000000000e+03
1.151000000000000000e+03
2.860000000000000000e+03
4.470000000000000000e+02
1.116000000000000000e+03
3.770000000000000000e+02
3.017000000000000000e+03
5.150000000000000000e+02
2.997000000000000000e+03
2.211000000000000000e+03
1.230000000000000000e+03
1.247000000000000000e+03
3.055000000000000000e+03
7.260000000000000000e+02
2.378000000000000000e+03
2.707000000000000000e+03
2.401000000000000000e+03
2.664000000000000000e+03
3.055000000000000000e+03
3.924000000000000000e+03
1.483000000000000000e+03
1.406000000000000000e+03
3.650000000000000000e+02
1.255000000000000000e+03
1.920000000000000000e+03
3.448000000000000000e+03
1.477000000000000000e+03
6.930000000000000000e+02
1.133000000000000000e+03
1.360000000000000000e+02
7.540000000000000000e+02
1.571000000000000000e+03
2.705000000000000000e+03
3.363000000000000000e+03
3.929000000000000000e+03
2.546000000000000000e+03
2.292000000000000000e+03
2.570000000000000000e+03
5.900000000000000000e+02
3.635000000000000000e+03
5.150000000000000000e+02
1.849000000000000000e+03
7.050000000000000000e+02
8.480000000000000000e+02
8.400000000000000000e+02
9.490000000000000000e+02
2.587000000000000000e+03
2.780000000000000000e+03
3.030000000000000000e+02
1.305000000000000000e+03
1.849000000000000000e+03
2.230000000000000000e+02
2.003000000000000000e+03
5.520000000000000000e+02
1.287000000000000000e+03
3.363000000000000000e+03
6.770000000000000000e+02
3.820000000000000000e+02
1.477000000000000000e+03
2.912000000000000000e+03
1.151000000000000000e+03
9.140000000000000000e+02
1.086000000000000000e+03
1.892000000000000000e+03
3.040000000000000000e+02
1.900000000000000000e+02
3.238000000000000000e+03
3.140000000000000000e+02
1.240000000000000000e+03
1.174000000000000000e+03
3.765000000000000000e+03
2.395000000000000000e+03
1.341000000000000000e+03
3.457000000000000000e+03
3.286000000000000000e+03
2.117000000000000000e+03
1.221000000000000000e+03
1.840000000000000000e+02
1.545000000000000000e+03
3.430000000000000000e+03
9.730000000000000000e+02
2.001000000000000000e+03
1.294000000000000000e+03
1.602000000000000000e+03
7.540000000000000000e+02
1.453000000000000000e+03
9.790000000000000000e+02
2.601000000000000000e+03
3.030000000000000000e+02
7.860000000000000000e+02
2.660000000000000000e+03
3.310000000000000000e+03
9.710000000000000000e+02
1.571000000000000000e+03
2.652000000000000000e+03
3.199000000000000000e+03
2.010000000000000000e+02
7.140000000000000000e+02
2.390000000000000000e+03
1.255000000000000000e+03
1.361000000000000000e+03
1.540000000000000000e+03
8.820000000000000000e+02
3.497000000000000000e+03
7.010000000000000000e+02
3.714000000000000000e+03
2.795000000000000000e+03
2.980000000000000000e+03
1.866000000000000000e+03
3.678000000000000000e+03
6.140000000000000000e+02
7.300000000000000000e+02
3.827000000000000000e+03
3.871000000000000000e+03
2.316000000000000000e+03
2.481000000000000000e+03
2.793000000000000000e+03
2.934000000000000000e+03
2.021000000000000000e+03
1.486000000000000000e+03
1.614000000000000000e+03
5.020000000000000000e+02
2.900000000000000000e+03
1.373000000000000000e+03
2.352000000000000000e+03
5.070000000000000000e+02
5.000000000000000000e+01
2.090000000000000000e+02
2.848000000000000000e+03
4.060000000000000000e+02
3.300000000000000000e+01
4.120000000000000000e+02
1.245000000000000000e+03
1.465000000000000000e+03
1.245000000000000000e+03
5.070000000000000000e+02
2.117000000000000000e+03
3.296000000000000000e+03
1.399000000000000000e+03
1.423000000000000000e+03
3.030000000000000000e+03
2.004000000000000000e+03
3.267000000000000000e+03
3.745000000000000000e+03
1.410000000000000000e+02
2.899000000000000000e+03
1.972000000000000000e+03
1.282000000000000000e+03
1.563000000000000000e+03
2.101000000000000000e+03
2.432000000000000000e+03
5.230000000000000000e+02
1.486000000000000000e+03
3.558000000000000000e+03
1.661000000000000000e+03
3.558000000000000000e+03
3.392000000000000000e+03
4.470000000000000000e+02
1.305000000000000000e+03
9.150000000000000000e+02
1.858000000000000000e+03
1.282000000000000000e+03
1.840000000000000000e+02
3.676000000000000000e+03
3.458000000000000000e+03
2.013000000000000000e+03
2.230000000000000000e+02
3.454000000000000000e+03
3.156000000000000000e+03
2.524000000000000000e+03
1.930000000000000000e+03
4.530000000000000000e+02
5.900000000000000000e+01
2.050000000000000000e+03
3.411000000000000000e+03
8.930000000000000000e+02
1.238000000000000000e+03
8.000000000000000000e+01
1.064000000000000000e+03
1.012000000000000000e+03
2.541000000000000000e+03
2.429000000000000000e+03
2.154000000000000000e+03
1.171000000000000000e+03
3.447000000000000000e+03
3.190000000000000000e+02
1.479000000000000000e+03
3.635000000000000000e+03
2.707000000000000000e+03
1.496000000000000000e+03
3.674000000000000000e+03
2.997000000000000000e+03
1.207000000000000000e+03
5.640000000000000000e+02
2.001000000000000000e+03
3.849000000000000000e+03
5.070000000000000000e+02
2.406000000000000000e+03
3.036000000000000000e+03
1.010000000000000000e+02
3.009000000000000000e+03
1.060000000000000000e+02
2.145000000000000000e+03
7.730000000000000000e+02
2.030000000000000000e+02
1.373000000000000000e+03
2.463000000000000000e+03
2.894000000000000000e+03
2.982000000000000000e+03
3.296000000000000000e+03
1.060000000000000000e+02
7.540000000000000000e+02
2.843000000000000000e+03
2.798000000000000000e+03
3.091000000000000000e+03
1.814000000000000000e+03
4.420000000000000000e+02
1.995000000000000000e+03
3.411000000000000000e+03
2.030000000000000000e+02
8.480000000000000000e+02
1.894000000000000000e+03
2.292000000000000000e+03
3.000000000000000000e+03
2.934000000000000000e+03
1.661000000000000000e+03
5.150000000000000000e+02
1.571000000000000000e+03
1.421000000000000000e+03
1.597000000000000000e+03
5.900000000000000000e+01
1.995000000000000000e+03
1.625000000000000000e+03
2.333000000000000000e+03
2.425000000000000000e+03
1.994000000000000000e+03
2.030000000000000000e+02
2.505000000000000000e+03
6.360000000000000000e+02
2.367000000000000000e+03
3.065000000000000000e+03
2.997000000000000000e+03
1.453000000000000000e+03
9.450000000000000000e+02
2.934000000000000000e+03
1.605000000000000000e+03
3.558000000000000000e+03
3.951000000000000000e+03
1.478000000000000000e+03
2.899000000000000000e+03
2.708000000000000000e+03
2.970000000000000000e+03
5.710000000000000000e+02
3.300000000000000000e+01
3.934000000000000000e+03
3.457000000000000000e+03
7.580000000000000000e+02
5.150000000000000000e+02
2.469000000000000000e+03
3.790000000000000000e+03
2.184000000000000000e+03
2.624000000000000000e+03
1.370000000000000000e+03
9.100000000000000000e+02
1.736000000000000000e+03
6.110000000000000000e+02
7.050000000000000000e+02
1.238000000000000000e+03
3.733000000000000000e+03
2.107000000000000000e+03
6.700000000000000000e+01
1.028000000000000000e+03
3.887000000000000000e+03
3.385000000000000000e+03
1.950000000000000000e+02
3.266000000000000000e+03
1.424000000000000000e+03
9.600000000000000000e+01
1.425000000000000000e+03
5.150000000000000000e+02
1.019000000000000000e+03
2.709000000000000000e+03
9.040000000000000000e+02
7.800000000000000000e+01
2.660000000000000000e+03
1.740000000000000000e+03
1.370000000000000000e+03
1.203000000000000000e+03
2.635000000000000000e+03
3.009000000000000000e+03
1.237000000000000000e+03
3.450000000000000000e+02
4.220000000000000000e+02
3.370000000000000000e+02
6.200000000000000000e+01
1.466000000000000000e+03
1.190000000000000000e+02
3.320000000000000000e+03
2.520000000000000000e+02
1.408000000000000000e+03
1.275000000000000000e+03
9.120000000000000000e+02
3.053000000000000000e+03
3.276000000000000000e+03
4.050000000000000000e+02
3.653000000000000000e+03
3.646000000000000000e+03
3.770000000000000000e+02
8.530000000000000000e+02
3.896000000000000000e+03
2.934000000000000000e+03
3.411000000000000000e+03
1.373000000000000000e+03
3.745000000000000000e+03
1.396000000000000000e+03
8.820000000000000000e+02
6.330000000000000000e+02
3.330000000000000000e+02
3.205000000000000000e+03
1.900000000000000000e+02
2.934000000000000000e+03
3.693000000000000000e+03
1.796000000000000000e+03
3.693000000000000000e+03
2.465000000000000000e+03
1.602000000000000000e+03
2.782000000000000000e+03
3.810000000000000000e+02
3.497000000000000000e+03
3.626000000000000000e+03
2.595000000000000000e+03
6.550000000000000000e+02
1.043000000000000000e+03
8.930000000000000000e+02
1.511000000000000000e+03
1.060000000000000000e+02
3.635000000000000000e+03
3.135000000000000000e+03
3.135000000000000000e+03
3.199000000000000000e+03
2.465000000000000000e+03
3.286000000000000000e+03
3.749000000000000000e+03
1.658000000000000000e+03
7.800000000000000000e+01
1.920000000000000000e+03
1.282000000000000000e+03
7.730000000000000000e+02
1.304000000000000000e+03
1.511000000000000000e+03
1.858000000000000000e+03
3.631000000000000000e+03
7.510000000000000000e+02
6.860000000000000000e+02
9.710000000000000000e+02
3.374000000000000000e+03
1.384000000000000000e+03
1.221000000000000000e+03
1.237000000000000000e+03
2.409000000000000000e+03
1.465000000000000000e+03
3.690000000000000000e+03
4.830000000000000000e+02
2.090000000000000000e+02
5.900000000000000000e+01
1.991000000000000000e+03
2.348000000000000000e+03
7.570000000000000000e+02
1.298000000000000000e+03
1.866000000000000000e+03
9.400000000000000000e+01
3.241000000000000000e+03
3.635000000000000000e+03
3.253000000000000000e+03
3.570000000000000000e+03
8.460000000000000000e+02
3.516000000000000000e+03
1.668000000000000000e+03
2.093000000000000000e+03
3.380000000000000000e+02
3.848000000000000000e+03
9.630000000000000000e+02
1.368000000000000000e+03
1.330000000000000000e+03
1.000000000000000000e+03
3.220000000000000000e+02
1.357000000000000000e+03
2.177000000000000000e+03
4.470000000000000000e+02
1.398000000000000000e+03
3.296000000000000000e+03
1.946000000000000000e+03
8.380000000000000000e+02
2.570000000000000000e+03
1.559000000000000000e+03
2.986000000000000000e+03
2.523000000000000000e+03
6.480000000000000000e+02
2.184000000000000000e+03
3.222000000000000000e+03
3.469000000000000000e+03
1.736000000000000000e+03
2.442000000000000000e+03
3.181000000000000000e+03
1.365000000000000000e+03
2.208000000000000000e+03
1.651000000000000000e+03
2.587000000000000000e+03
1.977000000000000000e+03
3.583000000000000000e+03
2.226000000000000000e+03
3.467000000000000000e+03
1.598000000000000000e+03
9.730000000000000000e+02
1.761000000000000000e+03
1.713000000000000000e+03
4.260000000000000000e+02
1.835000000000000000e+03
3.815000000000000000e+03
7.010000000000000000e+02
2.998000000000000000e+03
1.940000000000000000e+03
2.410000000000000000e+03
2.184000000000000000e+03
2.980000000000000000e+02
6.140000000000000000e+02
6.160000000000000000e+02
3.666000000000000000e+03
1.241000000000000000e+03
1.239000000000000000e+03
2.869000000000000000e+03
1.736000000000000000e+03
2.063000000000000000e+03
4.350000000000000000e+02
1.247000000000000000e+03
9.280000000000000000e+02
2.900000000000000000e+03
3.901000000000000000e+03
2.303000000000000000e+03
7.570000000000000000e+02
1.920000000000000000e+03
5.310000000000000000e+02
6.080000000000000000e+02
2.624000000000000000e+03
1.920000000000000000e+03
3.520000000000000000e+03
1.586000000000000000e+03
1.010000000000000000e+02
1.219000000000000000e+03
1.700000000000000000e+03
3.765000000000000000e+03
3.929000000000000000e+03
3.152000000000000000e+03
1.740000000000000000e+02
1.357000000000000000e+03
3.678000000000000000e+03
1.540000000000000000e+02
3.765000000000000000e+03
2.295000000000000000e+03
1.900000000000000000e+02
6.680000000000000000e+02
3.790000000000000000e+03
3.653000000000000000e+03
5.140000000000000000e+02
3.650000000000000000e+02
1.060000000000000000e+02
3.509000000000000000e+03
1.365000000000000000e+03
1.157000000000000000e+03
8.300000000000000000e+02
1.904000000000000000e+03
1.224000000000000000e+03
1.649000000000000000e+03
2.816000000000000000e+03
1.979000000000000000e+03
5.290000000000000000e+02
4.420000000000000000e+02
6.330000000000000000e+02
1.693000000000000000e+03
1.413000000000000000e+03
2.777000000000000000e+03
4.200000000000000000e+02
1.487000000000000000e+03
3.053000000000000000e+03
9.810000000000000000e+02
1.979000000000000000e+03
1.252000000000000000e+03
7.510000000000000000e+02
3.174000000000000000e+03
2.807000000000000000e+03
1.217000000000000000e+03
1.858000000000000000e+03
2.658000000000000000e+03
2.240000000000000000e+02
3.674000000000000000e+03
1.920000000000000000e+03
2.752000000000000000e+03
1.632000000000000000e+03
3.333000000000000000e+03
2.340000000000000000e+02
3.411000000000000000e+03
2.595000000000000000e+03
2.624000000000000000e+03
2.292000000000000000e+03
2.420000000000000000e+03
1.977000000000000000e+03
1.602000000000000000e+03
1.483000000000000000e+03
8.380000000000000000e+02
3.179000000000000000e+03
2.593000000000000000e+03
2.903000000000000000e+03
1.240000000000000000e+03
2.380000000000000000e+03
3.850000000000000000e+03
2.676000000000000000e+03
3.899000000000000000e+03
3.139000000000000000e+03
1.930000000000000000e+03
5.040000000000000000e+02
3.720000000000000000e+02
2.550000000000000000e+02
3.469000000000000000e+03
1.598000000000000000e+03
5.470000000000000000e+02
3.541000000000000000e+03
3.817000000000000000e+03
3.238000000000000000e+03
1.044000000000000000e+03
4.730000000000000000e+02
1.802000000000000000e+03
3.120000000000000000e+03
9.630000000000000000e+02
1.203000000000000000e+03
1.396000000000000000e+03
2.292000000000000000e+03
7.350000000000000000e+02
2.570000000000000000e+02
1.978000000000000000e+03
1.282000000000000000e+03
2.128000000000000000e+03
2.386000000000000000e+03
1.799000000000000000e+03
7.300000000000000000e+02
2.367000000000000000e+03
3.406000000000000000e+03
3.629000000000000000e+03
2.772000000000000000e+03
1.236000000000000000e+03
2.230000000000000000e+02
8.080000000000000000e+02
2.972000000000000000e+03
2.001000000000000000e+03
2.303000000000000000e+03
1.160000000000000000e+03
2.972000000000000000e+03
3.270000000000000000e+03
2.409000000000000000e+03
3.066000000000000000e+03
2.854000000000000000e+03
2.668000000000000000e+03
1.735000000000000000e+03
1.128000000000000000e+03
4.590000000000000000e+02
3.775000000000000000e+03
2.001000000000000000e+03
3.810000000000000000e+02
3.516000000000000000e+03
9.450000000000000000e+02
1.661000000000000000e+03
3.340000000000000000e+02
6.170000000000000000e+02
2.700000000000000000e+03
2.386000000000000000e+03
1.241000000000000000e+03
7.300000000000000000e+02
1.203000000000000000e+03
3.408000000000000000e+03
3.672000000000000000e+03
1.084000000000000000e+03
5.180000000000000000e+02
3.646000000000000000e+03
4.470000000000000000e+02
2.117000000000000000e+03
2.558000000000000000e+03
1.830000000000000000e+02
1.245000000000000000e+03
3.485000000000000000e+03
2.807000000000000000e+03
2.982000000000000000e+03
2.332000000000000000e+03
8.080000000000000000e+02
3.219000000000000000e+03
3.827000000000000000e+03
1.727000000000000000e+03
2.110000000000000000e+02
2.588000000000000000e+03
1.034000000000000000e+03
1.736000000000000000e+03
3.292000000000000000e+03
1.237000000000000000e+03
1.526000000000000000e+03
8.720000000000000000e+02
2.772000000000000000e+03
1.219000000000000000e+03
1.486000000000000000e+03
1.084000000000000000e+03
3.749000000000000000e+03
2.267000000000000000e+03
2.641000000000000000e+03
7.510000000000000000e+02
2.332000000000000000e+03
4.200000000000000000e+02
1.571000000000000000e+03
1.886000000000000000e+03
3.244000000000000000e+03
3.179000000000000000e+03
1.560000000000000000e+02
3.583000000000000000e+03
2.283000000000000000e+03
7.560000000000000000e+02
3.378000000000000000e+03
3.385000000000000000e+03
1.564000000000000000e+03
2.641000000000000000e+03
9.890000000000000000e+02
1.359000000000000000e+03
1.651000000000000000e+03
1.424000000000000000e+03
1.545000000000000000e+03
2.318000000000000000e+03
3.055000000000000000e+03
3.030000000000000000e+02
3.021000000000000000e+03
3.786000000000000000e+03
2.145000000000000000e+03
1.691000000000000000e+03
1.343000000000000000e+03
3.249000000000000000e+03
1.282000000000000000e+03
2.303000000000000000e+03
1.359000000000000000e+03
8.040000000000000000e+02
2.550000000000000000e+02
1.479000000000000000e+03
8.310000000000000000e+02
3.447000000000000000e+03
1.479000000000000000e+03
1.217000000000000000e+03
1.830000000000000000e+02
1.644000000000000000e+03
6.310000000000000000e+02
3.184000000000000000e+03
1.430000000000000000e+02
2.354000000000000000e+03
2.774000000000000000e+03
2.298000000000000000e+03
2.970000000000000000e+03
8.970000000000000000e+02
3.180000000000000000e+02
2.974000000000000000e+03
3.296000000000000000e+03
1.317000000000000000e+03
2.332000000000000000e+03
2.972000000000000000e+03
1.790000000000000000e+02
2.560000000000000000e+02
2.058000000000000000e+03
2.808000000000000000e+03
5.170000000000000000e+02
5.070000000000000000e+02
7.300000000000000000e+02
1.714000000000000000e+03
3.085000000000000000e+03
2.142000000000000000e+03
3.766000000000000000e+03
3.527000000000000000e+03
2.367000000000000000e+03
1.536000000000000000e+03
2.808000000000000000e+03
1.384000000000000000e+03
6.480000000000000000e+02
1.064000000000000000e+03
3.180000000000000000e+02
2.827000000000000000e+03
1.217000000000000000e+03
2.442000000000000000e+03
3.111000000000000000e+03
2.822000000000000000e+03
3.589000000000000000e+03
1.019000000000000000e+03
8.600000000000000000e+01
3.635000000000000000e+03
3.419000000000000000e+03
3.430000000000000000e+03
9.630000000000000000e+02
3.330000000000000000e+02
6.000000000000000000e+00
2.970000000000000000e+03
3.411000000000000000e+03
2.970000000000000000e+03
3.956000000000000000e+03
1.486000000000000000e+03
3.105000000000000000e+03
1.368000000000000000e+03
2.208000000000000000e+03
6.300000000000000000e+02
3.879000000000000000e+03
2.332000000000000000e+03
3.520000000000000000e+03
7.560000000000000000e+02
1.089000000000000000e+03
3.085000000000000000e+03
2.934000000000000000e+03
3.744000000000000000e+03
7.510000000000000000e+02
2.390000000000000000e+03
1.978000000000000000e+03
1.406000000000000000e+03
1.830000000000000000e+02
2.429000000000000000e+03
1.237000000000000000e+03
4.770000000000000000e+02
1.794000000000000000e+03
3.741000000000000000e+03
1.997000000000000000e+03
3.520000000000000000e+03
3.899000000000000000e+03
7.350000000000000000e+02
1.571000000000000000e+03
3.766000000000000000e+03
8.980000000000000000e+02
2.541000000000000000e+03
3.741000000000000000e+03
3.115000000000000000e+03
2.283000000000000000e+03
3.105000000000000000e+03
1.939000000000000000e+03
3.380000000000000000e+02
3.330000000000000000e+02
1.143000000000000000e+03
7.100000000000000000e+01
3.781000000000000000e+03
3.385000000000000000e+03
1.096000000000000000e+03
2.523000000000000000e+03
2.729000000000000000e+03
2.629000000000000000e+03
3.745000000000000000e+03
3.180000000000000000e+02
3.610000000000000000e+03
9.810000000000000000e+02
1.282000000000000000e+03
3.256000000000000000e+03
2.167000000000000000e+03
8.080000000000000000e+02
3.934000000000000000e+03
1.107000000000000000e+03
1.938000000000000000e+03
3.781000000000000000e+03
3.786000000000000000e+03
8.650000000000000000e+02
4.460000000000000000e+02
1.370000000000000000e+03
1.545000000000000000e+03
2.290000000000000000e+03
2.695000000000000000e+03
2.318000000000000000e+03
2.493000000000000000e+03
3.254000000000000000e+03
3.656000000000000000e+03
1.424000000000000000e+03
9.500000000000000000e+01
3.469000000000000000e+03
2.090000000000000000e+02
1.224000000000000000e+03
5.140000000000000000e+02
8.720000000000000000e+02
1.017000000000000000e+03
1.245000000000000000e+03
1.407000000000000000e+03
3.646000000000000000e+03
1.794000000000000000e+03
1.928000000000000000e+03
3.289000000000000000e+03
9.110000000000000000e+02
2.529000000000000000e+03
9.040000000000000000e+02
1.511000000000000000e+03
3.020000000000000000e+02
2.010000000000000000e+02
3.514000000000000000e+03
1.661000000000000000e+03
3.716000000000000000e+03
2.588000000000000000e+03
2.280000000000000000e+03
3.720000000000000000e+02
1.938000000000000000e+03
1.355000000000000000e+03
5.100000000000000000e+02
3.514000000000000000e+03
2.208000000000000000e+03
3.672000000000000000e+03
3.435000000000000000e+03
5.960000000000000000e+02
2.177000000000000000e+03
3.055000000000000000e+03
1.282000000000000000e+03
7.540000000000000000e+02
2.167000000000000000e+03
1.466000000000000000e+03
2.524000000000000000e+03
3.205000000000000000e+03
3.854000000000000000e+03
1.483000000000000000e+03
3.218000000000000000e+03
1.979000000000000000e+03
3.606000000000000000e+03
5.280000000000000000e+02
3.558000000000000000e+03
3.000000000000000000e+02
4.470000000000000000e+02
2.648000000000000000e+03
1.483000000000000000e+03
2.520000000000000000e+02
1.564000000000000000e+03
1.282000000000000000e+03
1.315000000000000000e+03
2.332000000000000000e+03
3.506000000000000000e+03
3.454000000000000000e+03
1.423000000000000000e+03
1.979000000000000000e+03
1.360000000000000000e+02
1.811000000000000000e+03
3.220000000000000000e+02
2.354000000000000000e+03
1.736000000000000000e+03
9.660000000000000000e+02
3.558000000000000000e+03
2.595000000000000000e+03
3.180000000000000000e+03
2.576000000000000000e+03
3.878000000000000000e+03
1.070000000000000000e+02
1.370000000000000000e+03
2.117000000000000000e+03
2.167000000000000000e+03
3.411000000000000000e+03
4.310000000000000000e+02
2.782000000000000000e+03
2.290000000000000000e+03
3.580000000000000000e+02
7.580000000000000000e+02
1.858000000000000000e+03
2.808000000000000000e+03
3.062000000000000000e+03
6.310000000000000000e+02
2.592000000000000000e+03
1.465000000000000000e+03
6.360000000000000000e+02
3.743000000000000000e+03
1.740000000000000000e+02
3.450000000000000000e+02
1.172000000000000000e+03
2.440000000000000000e+02
3.467000000000000000e+03
1.605000000000000000e+03
3.875000000000000000e+03
2.292000000000000000e+03
1.735000000000000000e+03
3.252000000000000000e+03
2.780000000000000000e+03
2.233000000000000000e+03
2.107000000000000000e+03
3.055000000000000000e+03
1.658000000000000000e+03
2.289000000000000000e+03
3.848000000000000000e+03
2.058000000000000000e+03
1.012000000000000000e+03
4.830000000000000000e+02
2.600000000000000000e+02
1.410000000000000000e+02
3.620000000000000000e+03
8.000000000000000000e+01
3.330000000000000000e+02
1.483000000000000000e+03
7.540000000000000000e+02
3.252000000000000000e+03
3.140000000000000000e+02
3.520000000000000000e+03
1.442000000000000000e+03
1.373000000000000000e+03
3.411000000000000000e+03
1.571000000000000000e+03
1.006000000000000000e+03
2.547000000000000000e+03
2.006000000000000000e+03
2.752000000000000000e+03
2.261000000000000000e+03
1.028000000000000000e+03
1.398000000000000000e+03
2.767000000000000000e+03
1.735000000000000000e+03
3.590000000000000000e+02
3.180000000000000000e+03
1.500000000000000000e+02
1.920000000000000000e+03
2.409000000000000000e+03
3.184000000000000000e+03
3.411000000000000000e+03
4.120000000000000000e+02
2.253000000000000000e+03
1.380000000000000000e+03
4.340000000000000000e+02
3.441000000000000000e+03
2.208000000000000000e+03
2.630000000000000000e+02
2.854000000000000000e+03
5.100000000000000000e+02
2.903000000000000000e+03
1.920000000000000000e+03
2.998000000000000000e+03
1.146000000000000000e+03
2.010000000000000000e+02
2.463000000000000000e+03
2.208000000000000000e+03
3.629000000000000000e+03
3.506000000000000000e+03
3.370000000000000000e+02
8.850000000000000000e+02
1.401000000000000000e+03
1.442000000000000000e+03
1.330000000000000000e+02
8.950000000000000000e+02
2.970000000000000000e+03
3.908000000000000000e+03
5.950000000000000000e+02
3.220000000000000000e+02
3.583000000000000000e+03
2.190000000000000000e+03
2.184000000000000000e+03
3.878000000000000000e+03
9.040000000000000000e+02
1.373000000000000000e+03
2.448000000000000000e+03
2.524000000000000000e+03
1.691000000000000000e+03
3.296000000000000000e+03
3.848000000000000000e+03
1.736000000000000000e+03
2.063000000000000000e+03
1.357000000000000000e+03
2.636000000000000000e+03
3.009000000000000000e+03
2.107000000000000000e+03
2.270000000000000000e+03
8.480000000000000000e+02
3.177000000000000000e+03
1.070000000000000000e+02
2.986000000000000000e+03
1.139000000000000000e+03
2.310000000000000000e+03
2.057000000000000000e+03
1.615000000000000000e+03
3.714000000000000000e+03
3.180000000000000000e+03
8.250000000000000000e+02
3.580000000000000000e+02
5.100000000000000000e+02
2.107000000000000000e+03
2.827000000000000000e+03
1.299000000000000000e+03
3.180000000000000000e+03
3.009000000000000000e+03
4.210000000000000000e+02
1.079000000000000000e+03
1.221000000000000000e+03
2.378000000000000000e+03
5.230000000000000000e+02
1.344000000000000000e+03
2.974000000000000000e+03
6.000000000000000000e+00
2.406000000000000000e+03
3.071000000000000000e+03
2.270000000000000000e+02
3.733000000000000000e+03
3.360000000000000000e+02
1.995000000000000000e+03
6.550000000000000000e+02
2.841000000000000000e+03
4.470000000000000000e+02
3.411000000000000000e+03
1.569000000000000000e+03
1.628000000000000000e+03
2.118000000000000000e+03
3.286000000000000000e+03
2.903000000000000000e+03
1.453000000000000000e+03
2.111000000000000000e+03
3.447000000000000000e+03
3.380000000000000000e+02
1.465000000000000000e+03
3.046000000000000000e+03
2.588000000000000000e+03
1.483000000000000000e+03
3.858000000000000000e+03
5.990000000000000000e+02
1.559000000000000000e+03
3.666000000000000000e+03
1.304000000000000000e+03
1.979000000000000000e+03
8.930000000000000000e+02
5.150000000000000000e+02
8.980000000000000000e+02
1.164000000000000000e+03
3.672000000000000000e+03
1.000000000000000000e+02
3.650000000000000000e+02
2.128000000000000000e+03
8.370000000000000000e+02
3.700000000000000000e+02
3.180000000000000000e+03
2.107000000000000000e+03
1.424000000000000000e+03
3.626000000000000000e+03
3.256000000000000000e+03
6.140000000000000000e+02
3.446000000000000000e+03
1.116000000000000000e+03
1.746000000000000000e+03
6.000000000000000000e+00
3.286000000000000000e+03
2.744000000000000000e+03
1.089000000000000000e+03
2.062000000000000000e+03
1.361000000000000000e+03
3.875000000000000000e+03
2.227000000000000000e+03
2.095000000000000000e+03
1.299000000000000000e+03
3.574000000000000000e+03
2.584000000000000000e+03
3.319000000000000000e+03
3.411000000000000000e+03
2.270000000000000000e+03
1.486000000000000000e+03
1.898000000000000000e+03
4.350000000000000000e+02
3.733000000000000000e+03
5.290000000000000000e+02
2.243000000000000000e+03
1.735000000000000000e+03
3.745000000000000000e+03
8.400000000000000000e+02
4.280000000000000000e+02
2.401000000000000000e+03
2.045000000000000000e+03
3.610000000000000000e+03
1.796000000000000000e+03
1.070000000000000000e+02
2.481000000000000000e+03
1.727000000000000000e+03
3.399000000000000000e+03
2.350000000000000000e+03
1.036000000000000000e+03
2.660000000000000000e+03
1.116000000000000000e+03
2.592000000000000000e+03
2.505000000000000000e+03
3.899000000000000000e+03
3.690000000000000000e+03
1.560000000000000000e+02
7.050000000000000000e+02
8.250000000000000000e+02
3.282000000000000000e+03
3.635000000000000000e+03
1.019000000000000000e+03
3.190000000000000000e+02
3.506000000000000000e+03
3.009000000000000000e+03
1.114000000000000000e+03
2.004000000000000000e+03
5.470000000000000000e+02
2.588000000000000000e+03
6.910000000000000000e+02
2.822000000000000000e+03
2.522000000000000000e+03
3.346000000000000000e+03
1.237000000000000000e+03
1.341000000000000000e+03
3.820000000000000000e+02
2.523000000000000000e+03
3.130000000000000000e+02
1.304000000000000000e+03
1.540000000000000000e+02
2.128000000000000000e+03
1.979000000000000000e+03
2.380000000000000000e+02
1.479000000000000000e+03
2.587000000000000000e+03
2.658000000000000000e+03
2.972000000000000000e+03
1.233000000000000000e+03
2.807000000000000000e+03
2.970000000000000000e+03
1.203000000000000000e+03
9.800000000000000000e+01
1.727000000000000000e+03
3.570000000000000000e+03
3.790000000000000000e+03
2.708000000000000000e+03
2.348000000000000000e+03
8.460000000000000000e+02
1.433000000000000000e+03
3.700000000000000000e+02
6.000000000000000000e+00
1.569000000000000000e+03
3.650000000000000000e+02
3.340000000000000000e+02
1.972000000000000000e+03
2.333000000000000000e+03
2.318000000000000000e+03
9.890000000000000000e+02
6.610000000000000000e+02
4.220000000000000000e+02
1.644000000000000000e+03
1.035000000000000000e+03
2.744000000000000000e+03
7.050000000000000000e+02
2.001000000000000000e+03
5.000000000000000000e+01
3.256000000000000000e+03
1.093000000000000000e+03
1.593000000000000000e+03
2.934000000000000000e+03
1.401000000000000000e+03
1.370000000000000000e+03
3.368000000000000000e+03
3.411000000000000000e+03
7.300000000000000000e+02
3.058000000000000000e+03
5.230000000000000000e+02
3.660000000000000000e+03
2.142000000000000000e+03
2.690000000000000000e+02
1.155000000000000000e+03
3.220000000000000000e+02
2.167000000000000000e+03
3.448000000000000000e+03
3.249000000000000000e+03
3.156000000000000000e+03
2.940000000000000000e+03
2.062000000000000000e+03
2.934000000000000000e+03
1.119000000000000000e+03
8.850000000000000000e+02
1.146000000000000000e+03
1.712000000000000000e+03
3.257000000000000000e+03
2.332000000000000000e+03
2.822000000000000000e+03
3.020000000000000000e+03
3.187000000000000000e+03
1.658000000000000000e+03
3.854000000000000000e+03
1.900000000000000000e+02
3.280000000000000000e+02
1.675000000000000000e+03
2.950000000000000000e+02
1.023000000000000000e+03
3.006000000000000000e+03
1.053000000000000000e+03
2.298000000000000000e+03
4.770000000000000000e+02
3.091000000000000000e+03
2.382000000000000000e+03
1.972000000000000000e+03
2.789000000000000000e+03
3.297000000000000000e+03
2.444000000000000000e+03
2.624000000000000000e+03
3.430000000000000000e+02
2.782000000000000000e+03
6.720000000000000000e+02
1.203000000000000000e+03
1.053000000000000000e+03
2.587000000000000000e+03
3.094000000000000000e+03
6.080000000000000000e+02
1.157000000000000000e+03
2.878000000000000000e+03
1.540000000000000000e+02
3.241000000000000000e+03
7.250000000000000000e+02
3.180000000000000000e+03
1.939000000000000000e+03
2.469000000000000000e+03
2.239000000000000000e+03
2.329000000000000000e+03
5.150000000000000000e+02
3.411000000000000000e+03
7.100000000000000000e+01
3.643000000000000000e+03
2.753000000000000000e+03
3.816000000000000000e+03
1.939000000000000000e+03
3.180000000000000000e+03
1.423000000000000000e+03
5.290000000000000000e+02
3.046000000000000000e+03
1.484000000000000000e+03
1.994000000000000000e+03
2.524000000000000000e+03
8.520000000000000000e+02
3.052000000000000000e+03
2.337000000000000000e+03
1.203000000000000000e+03
1.630000000000000000e+02
1.003000000000000000e+03
3.450000000000000000e+02
3.241000000000000000e+03
1.398000000000000000e+03
4.120000000000000000e+02
1.736000000000000000e+03
1.330000000000000000e+03
2.182000000000000000e+03
2.117000000000000000e+03
3.351000000000000000e+03
3.776000000000000000e+03
2.972000000000000000e+03
1.894000000000000000e+03
2.660000000000000000e+03
6.310000000000000000e+02
8.850000000000000000e+02
1.360000000000000000e+02
3.612000000000000000e+03
1.444000000000000000e+03
1.918000000000000000e+03
3.380000000000000000e+03
3.288000000000000000e+03
3.577000000000000000e+03
3.233000000000000000e+03
8.520000000000000000e+02
2.090000000000000000e+02
2.208000000000000000e+03
2.433000000000000000e+03
7.540000000000000000e+02
3.380000000000000000e+02
1.237000000000000000e+03
2.482000000000000000e+03
1.233000000000000000e+03
1.861000000000000000e+03
2.128000000000000000e+03
3.843000000000000000e+03
2.014000000000000000e+03
2.270000000000000000e+03
2.123000000000000000e+03
1.477000000000000000e+03
1.977000000000000000e+03
3.370000000000000000e+02
3.351000000000000000e+03
2.709000000000000000e+03
2.180000000000000000e+03
2.972000000000000000e+03
2.316000000000000000e+03
1.052000000000000000e+03
3.574000000000000000e+03
1.545000000000000000e+03
3.220000000000000000e+02
9.790000000000000000e+02
1.551000000000000000e+03
3.626000000000000000e+03
2.010000000000000000e+02
6.140000000000000000e+02
5.100000000000000000e+02
7.150000000000000000e+02
2.250000000000000000e+02
1.586000000000000000e+03
3.369000000000000000e+03
3.486000000000000000e+03
1.830000000000000000e+02
1.939000000000000000e+03
2.123000000000000000e+03
3.558000000000000000e+03
9.230000000000000000e+02
3.589000000000000000e+03
3.220000000000000000e+02
1.286000000000000000e+03
3.119000000000000000e+03
2.635000000000000000e+03
1.020000000000000000e+03
9.660000000000000000e+02
3.505000000000000000e+03
7.540000000000000000e+02
5.520000000000000000e+02
3.516000000000000000e+03
1.453000000000000000e+03
1.483000000000000000e+03
3.703000000000000000e+03
7.130000000000000000e+02
2.035000000000000000e+03
2.010000000000000000e+02
2.057000000000000000e+03
5.990000000000000000e+02
3.177000000000000000e+03
3.504000000000000000e+03
2.629000000000000000e+03
2.208000000000000000e+03
3.509000000000000000e+03
2.208000000000000000e+03
2.658000000000000000e+03
9.800000000000000000e+01
2.992000000000000000e+03
1.028000000000000000e+03
9.660000000000000000e+02
2.463000000000000000e+03
1.274000000000000000e+03
1.044000000000000000e+03
1.749000000000000000e+03
2.128000000000000000e+03
2.440000000000000000e+02
3.272000000000000000e+03
2.680000000000000000e+03
1.315000000000000000e+03
2.384000000000000000e+03
2.441000000000000000e+03
2.332000000000000000e+03
3.211000000000000000e+03
3.055000000000000000e+03
1.998000000000000000e+03
3.790000000000000000e+03
1.010000000000000000e+03
3.726000000000000000e+03
1.221000000000000000e+03
1.486000000000000000e+03
3.603000000000000000e+03
3.230000000000000000e+03
3.220000000000000000e+02
3.447000000000000000e+03
7.010000000000000000e+02
2.378000000000000000e+03
1.829000000000000000e+03
2.982000000000000000e+03
3.292000000000000000e+03
1.991000000000000000e+03
1.442000000000000000e+03
2.340000000000000000e+02
3.678000000000000000e+03
1.694000000000000000e+03
5.150000000000000000e+02
3.660000000000000000e+03
2.394000000000000000e+03
1.892000000000000000e+03
1.484000000000000000e+03
1.247000000000000000e+03
3.055000000000000000e+03
1.240000000000000000e+03
4.470000000000000000e+02
5.950000000000000000e+02
1.994000000000000000e+03
3.790000000000000000e+03
7.300000000000000000e+02
1.522000000000000000e+03
1.423000000000000000e+03
3.650000000000000000e+02
5.520000000000000000e+02
3.506000000000000000e+03
2.215000000000000000e+03
1.664000000000000000e+03
3.021000000000000000e+03
3.190000000000000000e+02
3.878000000000000000e+03
3.670000000000000000e+02
2.111000000000000000e+03
3.816000000000000000e+03
3.156000000000000000e+03
6.880000000000000000e+02
3.720000000000000000e+02
1.658000000000000000e+03
1.010000000000000000e+03
3.878000000000000000e+03
3.558000000000000000e+03
5.280000000000000000e+02
1.799000000000000000e+03
7.250000000000000000e+02
8.120000000000000000e+02
2.429000000000000000e+03
5.980000000000000000e+02
1.810000000000000000e+03
3.470000000000000000e+03
1.585000000000000000e+03
2.753000000000000000e+03
1.219000000000000000e+03
1.664000000000000000e+03
3.454000000000000000e+03
3.256000000000000000e+03
7.580000000000000000e+02
1.150000000000000000e+03
3.020000000000000000e+03
3.580000000000000000e+02
1.974000000000000000e+03
3.864000000000000000e+03
3.784000000000000000e+03
5.980000000000000000e+02
1.365000000000000000e+03
2.192000000000000000e+03
3.875000000000000000e+03
4.470000000000000000e+02
4.000000000000000000e+00
2.003000000000000000e+03
3.385000000000000000e+03
1.714000000000000000e+03
1.305000000000000000e+03
1.084000000000000000e+03
5.100000000000000000e+02
2.585000000000000000e+03
1.062000000000000000e+03
3.370000000000000000e+02
2.658000000000000000e+03
1.504000000000000000e+03
2.226000000000000000e+03
1.829000000000000000e+03
1.028000000000000000e+03
6.210000000000000000e+02
2.070000000000000000e+02
2.841000000000000000e+03
1.892000000000000000e+03
2.380000000000000000e+02
3.447000000000000000e+03
6.910000000000000000e+02
1.658000000000000000e+03
2.587000000000000000e+03
7.890000000000000000e+02
2.093000000000000000e+03
3.765000000000000000e+03
2.903000000000000000e+03
3.179000000000000000e+03
3.882000000000000000e+03
2.584000000000000000e+03
7.510000000000000000e+02
1.373000000000000000e+03
3.009000000000000000e+03
1.991000000000000000e+03
7.310000000000000000e+02
2.906000000000000000e+03
1.689000000000000000e+03
2.289000000000000000e+03
3.135000000000000000e+03
2.522000000000000000e+03
3.296000000000000000e+03
2.377000000000000000e+03
3.009000000000000000e+03
1.465000000000000000e+03
1.620000000000000000e+03
1.812000000000000000e+03
7.500000000000000000e+02
9.230000000000000000e+02
3.878000000000000000e+03
1.367000000000000000e+03
3.580000000000000000e+02
3.574000000000000000e+03
1.522000000000000000e+03
7.890000000000000000e+02
6.360000000000000000e+02
7.890000000000000000e+02
1.282000000000000000e+03
2.409000000000000000e+03
1.560000000000000000e+02
2.062000000000000000e+03
3.220000000000000000e+02
1.730000000000000000e+02
1.240000000000000000e+03
2.112000000000000000e+03
2.345000000000000000e+03
1.286000000000000000e+03
1.423000000000000000e+03
4.420000000000000000e+02
2.292000000000000000e+03
2.058000000000000000e+03
1.442000000000000000e+03
5.140000000000000000e+02
2.281000000000000000e+03
1.221000000000000000e+03
2.720000000000000000e+02
3.419000000000000000e+03
6.170000000000000000e+02
3.860000000000000000e+02
3.211000000000000000e+03
3.179000000000000000e+03
1.361000000000000000e+03
3.848000000000000000e+03
1.006000000000000000e+03
9.580000000000000000e+02
1.823000000000000000e+03
2.101000000000000000e+03
1.602000000000000000e+03
3.380000000000000000e+02
3.672000000000000000e+03
3.279000000000000000e+03
1.972000000000000000e+03
3.650000000000000000e+02
1.206000000000000000e+03
3.399000000000000000e+03
1.483000000000000000e+03
1.247000000000000000e+03
1.628000000000000000e+03
7.540000000000000000e+02
1.812000000000000000e+03
1.483000000000000000e+03
2.138000000000000000e+03
1.571000000000000000e+03
3.820000000000000000e+02
1.918000000000000000e+03
2.600000000000000000e+02
3.937000000000000000e+03
2.910000000000000000e+02
8.330000000000000000e+02
3.509000000000000000e+03
3.241000000000000000e+03
1.444000000000000000e+03
3.152000000000000000e+03
1.658000000000000000e+03
3.230000000000000000e+03
3.919000000000000000e+03
3.583000000000000000e+03
3.825000000000000000e+03
6.740000000000000000e+02
2.267000000000000000e+03
1.294000000000000000e+03
7.250000000000000000e+02
2.278000000000000000e+03
6.300000000000000000e+02
3.380000000000000000e+02
3.583000000000000000e+03
2.002000000000000000e+03
2.292000000000000000e+03
1.370000000000000000e+03
2.261000000000000000e+03
3.509000000000000000e+03
3.504000000000000000e+03
8.080000000000000000e+02
3.419000000000000000e+03
2.752000000000000000e+03
2.561000000000000000e+03
3.866000000000000000e+03
3.419000000000000000e+03
1.367000000000000000e+03
2.300000000000000000e+01
1.064000000000000000e+03
2.448000000000000000e+03
3.866000000000000000e+03
3.430000000000000000e+02
2.560000000000000000e+02
2.142000000000000000e+03
1.548000000000000000e+03
2.777000000000000000e+03
2.208000000000000000e+03
3.816000000000000000e+03
4.350000000000000000e+02
3.469000000000000000e+03
3.879000000000000000e+03
1.628000000000000000e+03
1.330000000000000000e+03
2.070000000000000000e+02
3.656000000000000000e+03
2.789000000000000000e+03
2.997000000000000000e+03
3.156000000000000000e+03
1.012000000000000000e+03
2.396000000000000000e+03
1.920000000000000000e+02
3.079000000000000000e+03
1.491000000000000000e+03
1.727000000000000000e+03
3.899000000000000000e+03
2.406000000000000000e+03
1.508000000000000000e+03
3.720000000000000000e+02
1.327000000000000000e+03
1.866000000000000000e+03
1.261000000000000000e+03
1.664000000000000000e+03
1.114000000000000000e+03
2.295000000000000000e+03
3.656000000000000000e+03
2.142000000000000000e+03
3.160000000000000000e+02
4.600000000000000000e+02
1.790000000000000000e+02
1.746000000000000000e+03
7.100000000000000000e+01
5.920000000000000000e+02
3.419000000000000000e+03
2.482000000000000000e+03
1.761000000000000000e+03
5.980000000000000000e+02
2.002000000000000000e+03
3.256000000000000000e+03
2.585000000000000000e+03
1.430000000000000000e+02
3.370000000000000000e+02
1.830000000000000000e+02
3.186000000000000000e+03
1.570000000000000000e+02
8.480000000000000000e+02
2.997000000000000000e+03
2.843000000000000000e+03
1.829000000000000000e+03
2.069000000000000000e+03
1.334000000000000000e+03
1.239000000000000000e+03
2.878000000000000000e+03
5.920000000000000000e+02
1.796000000000000000e+03
2.013000000000000000e+03
7.150000000000000000e+02
3.793000000000000000e+03
6.700000000000000000e+02
1.540000000000000000e+02
3.781000000000000000e+03
1.288000000000000000e+03
1.359000000000000000e+03
1.092000000000000000e+03
3.341000000000000000e+03
3.497000000000000000e+03
2.934000000000000000e+03
3.340000000000000000e+02
7.550000000000000000e+02
5.980000000000000000e+02
8.330000000000000000e+02
9.750000000000000000e+02
3.678000000000000000e+03
1.746000000000000000e+03
2.997000000000000000e+03
3.577000000000000000e+03
2.332000000000000000e+03
3.249000000000000000e+03
3.180000000000000000e+02
1.939000000000000000e+03
2.550000000000000000e+02
3.938000000000000000e+03
3.589000000000000000e+03
3.156000000000000000e+03
3.672000000000000000e+03
3.419000000000000000e+03
1.713000000000000000e+03
8.370000000000000000e+02
2.550000000000000000e+02
3.408000000000000000e+03
1.010000000000000000e+02
8.270000000000000000e+02
1.618000000000000000e+03
2.822000000000000000e+03
2.570000000000000000e+02
5.170000000000000000e+02
1.745000000000000000e+03
8.270000000000000000e+02
2.261000000000000000e+03
3.694000000000000000e+03
4.350000000000000000e+02
3.752000000000000000e+03
2.996000000000000000e+03
2.668000000000000000e+03
1.993000000000000000e+03
8.460000000000000000e+02
1.055000000000000000e+03
2.560000000000000000e+02
1.070000000000000000e+02
1.483000000000000000e+03
6.680000000000000000e+02
2.240000000000000000e+03
2.800000000000000000e+03
2.878000000000000000e+03
3.085000000000000000e+03
2.652000000000000000e+03
2.105000000000000000e+03
2.920000000000000000e+02
1.237000000000000000e+03
7.500000000000000000e+02
1.531000000000000000e+03
5.100000000000000000e+01
2.063000000000000000e+03
2.535000000000000000e+03
2.787000000000000000e+03
1.735000000000000000e+03
1.727000000000000000e+03
2.793000000000000000e+03
2.664000000000000000e+03
2.907000000000000000e+03
1.620000000000000000e+03
5.170000000000000000e+02
8.960000000000000000e+02
3.020000000000000000e+02
3.641000000000000000e+03
6.000000000000000000e+02
2.438000000000000000e+03
8.790000000000000000e+02
3.815000000000000000e+03
2.063000000000000000e+03
1.593000000000000000e+03
8.930000000000000000e+02
1.649000000000000000e+03
1.238000000000000000e+03
3.775000000000000000e+03
2.093000000000000000e+03
3.430000000000000000e+02
1.300000000000000000e+01
1.330000000000000000e+03
1.282000000000000000e+03
7.300000000000000000e+02
2.226000000000000000e+03
3.574000000000000000e+03
1.796000000000000000e+03
2.409000000000000000e+03
2.523000000000000000e+03
3.740000000000000000e+03
1.794000000000000000e+03
2.465000000000000000e+03
2.289000000000000000e+03
8.290000000000000000e+02
2.598000000000000000e+03
3.720000000000000000e+02
3.589000000000000000e+03
1.749000000000000000e+03
3.430000000000000000e+02
8.470000000000000000e+02
3.745000000000000000e+03
2.808000000000000000e+03
2.001000000000000000e+03
2.587000000000000000e+03
2.974000000000000000e+03
1.727000000000000000e+03
5.400000000000000000e+02
8.770000000000000000e+02
2.226000000000000000e+03
1.333000000000000000e+03
2.401000000000000000e+03
1.019000000000000000e+03
2.367000000000000000e+03
1.993000000000000000e+03
3.558000000000000000e+03
3.957000000000000000e+03
2.570000000000000000e+03
6.740000000000000000e+02
2.440000000000000000e+02
1.521000000000000000e+03
2.270000000000000000e+03
7.730000000000000000e+02
7.050000000000000000e+02
3.109000000000000000e+03
3.755000000000000000e+03
1.373000000000000000e+03
3.254000000000000000e+03
1.796000000000000000e+03
3.370000000000000000e+02
2.523000000000000000e+03
3.218000000000000000e+03
5.070000000000000000e+02
2.406000000000000000e+03
3.700000000000000000e+02
3.821000000000000000e+03
3.253000000000000000e+03
6.280000000000000000e+02
7.510000000000000000e+02
2.333000000000000000e+03
1.536000000000000000e+03
3.660000000000000000e+03
1.128000000000000000e+03
1.830000000000000000e+02
2.057000000000000000e+03
3.755000000000000000e+03
2.135000000000000000e+03
3.430000000000000000e+02
3.180000000000000000e+02
2.409000000000000000e+03
1.714000000000000000e+03
6.720000000000000000e+02
1.144000000000000000e+03
1.598000000000000000e+03
1.478000000000000000e+03
1.486000000000000000e+03
1.275000000000000000e+03
8.120000000000000000e+02
1.247000000000000000e+03
2.996000000000000000e+03
3.046000000000000000e+03
2.300000000000000000e+01
2.352000000000000000e+03
2.560000000000000000e+02
2.013000000000000000e+03
1.745000000000000000e+03
1.761000000000000000e+03
2.550000000000000000e+02
2.680000000000000000e+03
3.411000000000000000e+03
1.740000000000000000e+02
6.360000000000000000e+02
7.550000000000000000e+02
3.574000000000000000e+03
1.564000000000000000e+03
7.180000000000000000e+02
2.123000000000000000e+03
2.292000000000000000e+03
1.497000000000000000e+03
3.612000000000000000e+03
2.444000000000000000e+03
1.993000000000000000e+03
3.446000000000000000e+03
1.749000000000000000e+03
4.940000000000000000e+02
3.043000000000000000e+03
1.245000000000000000e+03
1.034000000000000000e+03
2.146000000000000000e+03
2.117000000000000000e+03
3.820000000000000000e+02
3.030000000000000000e+02
1.977000000000000000e+03
3.661000000000000000e+03
2.550000000000000000e+02
3.776000000000000000e+03
3.360000000000000000e+02
2.529000000000000000e+03
2.340000000000000000e+02
2.570000000000000000e+02
3.189000000000000000e+03
1.830000000000000000e+02
2.588000000000000000e+03
4.260000000000000000e+02
2.560000000000000000e+02
2.063000000000000000e+03
2.354000000000000000e+03
3.257000000000000000e+03
1.938000000000000000e+03
9.870000000000000000e+02
2.523000000000000000e+03
2.240000000000000000e+02
6.390000000000000000e+02
3.152000000000000000e+03
1.486000000000000000e+03
3.882000000000000000e+03
2.888000000000000000e+03
1.977000000000000000e+03
1.028000000000000000e+03
1.668000000000000000e+03
5.520000000000000000e+02
1.398000000000000000e+03
3.062000000000000000e+03
3.254000000000000000e+03
2.787000000000000000e+03
3.459000000000000000e+03
3.486000000000000000e+03
3.720000000000000000e+02
3.632000000000000000e+03
7.540000000000000000e+02
2.027000000000000000e+03
3.340000000000000000e+02
3.606000000000000000e+03
1.570000000000000000e+02
1.237000000000000000e+03
2.449000000000000000e+03
3.755000000000000000e+03
3.422000000000000000e+03
6.680000000000000000e+02
3.577000000000000000e+03
1.537000000000000000e+03
2.588000000000000000e+03
1.840000000000000000e+02
2.348000000000000000e+03
3.570000000000000000e+03
1.668000000000000000e+03
8.950000000000000000e+02
8.650000000000000000e+02
1.689000000000000000e+03
2.406000000000000000e+03
3.516000000000000000e+03
3.583000000000000000e+03
3.810000000000000000e+02
1.368000000000000000e+03
2.938000000000000000e+03
2.510000000000000000e+03
3.606000000000000000e+03
2.772000000000000000e+03
2.777000000000000000e+03
3.199000000000000000e+03
3.333000000000000000e+03
7.050000000000000000e+02
2.924000000000000000e+03
2.001000000000000000e+03
1.282000000000000000e+03
1.294000000000000000e+03
1.664000000000000000e+03
1.035000000000000000e+03
3.793000000000000000e+03
3.107000000000000000e+03
2.318000000000000000e+03
3.678000000000000000e+03
3.430000000000000000e+03
1.221000000000000000e+03
7.650000000000000000e+02
8.290000000000000000e+02
2.808000000000000000e+03
5.290000000000000000e+02
4.160000000000000000e+02
4.260000000000000000e+02
2.970000000000000000e+03
2.006000000000000000e+03
2.195000000000000000e+03
1.036000000000000000e+03
2.010000000000000000e+02
1.939000000000000000e+03
2.272000000000000000e+03
2.705000000000000000e+03
1.633000000000000000e+03
2.481000000000000000e+03
3.714000000000000000e+03
1.252000000000000000e+03
7.540000000000000000e+02
3.330000000000000000e+02
2.777000000000000000e+03
1.219000000000000000e+03
1.858000000000000000e+03
5.350000000000000000e+02
1.658000000000000000e+03
1.859000000000000000e+03
4.830000000000000000e+02
2.507000000000000000e+03
5.290000000000000000e+02
6.680000000000000000e+02
2.188000000000000000e+03
3.055000000000000000e+03
6.860000000000000000e+02
1.299000000000000000e+03
1.237000000000000000e+03
4.050000000000000000e+02
1.991000000000000000e+03
2.291000000000000000e+03
3.430000000000000000e+02
2.394000000000000000e+03
2.906000000000000000e+03
1.614000000000000000e+03
5.100000000000000000e+01
2.352000000000000000e+03
1.058000000000000000e+03
3.177000000000000000e+03
3.529000000000000000e+03
2.493000000000000000e+03
1.028000000000000000e+03
3.135000000000000000e+03
9.500000000000000000e+01
8.520000000000000000e+02
1.330000000000000000e+03
1.160000000000000000e+03
2.974000000000000000e+03
1.972000000000000000e+03
1.583000000000000000e+03
3.772000000000000000e+03
2.111000000000000000e+03
1.282000000000000000e+03
1.870000000000000000e+03
3.776000000000000000e+03
3.590000000000000000e+02
2.006000000000000000e+03
1.900000000000000000e+02
7.300000000000000000e+02
2.213000000000000000e+03
3.570000000000000000e+03
3.714000000000000000e+03
1.408000000000000000e+03
1.070000000000000000e+02
1.904000000000000000e+03
1.073000000000000000e+03
2.409000000000000000e+03
4.050000000000000000e+02
2.117000000000000000e+03
3.606000000000000000e+03
3.612000000000000000e+03
2.429000000000000000e+03
2.493000000000000000e+03
8.960000000000000000e+02
2.270000000000000000e+03
2.192000000000000000e+03
3.635000000000000000e+03
2.772000000000000000e+03
2.093000000000000000e+03
1.176000000000000000e+03
3.520000000000000000e+03
1.151000000000000000e+03
4.470000000000000000e+02
3.662000000000000000e+03
2.970000000000000000e+03
2.934000000000000000e+03
3.411000000000000000e+03
3.448000000000000000e+03
3.896000000000000000e+03
3.156000000000000000e+03
3.650000000000000000e+02
8.640000000000000000e+02
2.128000000000000000e+03
2.382000000000000000e+03
1.146000000000000000e+03
2.906000000000000000e+03
1.894000000000000000e+03
2.992000000000000000e+03
2.520000000000000000e+02
1.286000000000000000e+03
4.830000000000000000e+02
2.535000000000000000e+03
2.207000000000000000e+03
3.878000000000000000e+03
3.580000000000000000e+02
1.315000000000000000e+03
