8.000000
130.000000
325.000000
48.000000
8.000000
241.000000
270.000000
187.000000
231.000000
166.000000
119.000000
189.000000
373.000000
153.000000
310.000000
186.000000
184.000000
153.000000
52.000000
215.000000
189.000000
359.000000
214.000000
270.000000
191.000000
310.000000
384.000000
190.000000
189.000000
215.000000
182.000000
384.000000
159.000000
384.000000
369.000000
190.000000
161.000000
243.000000
130.000000
130.000000
362.000000
120.000000
83.000000
119.000000
310.000000
60.000000
52.000000
57.000000
186.000000
130.000000
150.000000
8.000000
318.000000
128.000000
186.000000
206.000000
189.000000
212.000000
227.000000
189.000000
119.000000
160.000000
173.000000
191.000000
51.000000
186.000000
55.000000
130.000000
326.000000
8.000000
144.000000
213.000000
345.000000
160.000000
330.000000
57.000000
356.000000
120.000000
130.000000
130.000000
327.000000
8.000000
369.000000
130.000000
149.000000
173.000000
289.000000
119.000000
173.000000
189.000000
384.000000
369.000000
187.000000
173.000000
144.000000
130.000000
187.000000
173.000000
128.000000
153.000000
186.000000
310.000000
128.000000
189.000000
83.000000
130.000000
130.000000
144.000000
189.000000
327.000000
144.000000
15.000000
189.000000
189.000000
137.000000
305.000000
231.000000
369.000000
115.000000
77.000000
0.000000
328.000000
359.000000
173.000000
174.000000
184.000000
130.000000
373.000000
120.000000
187.000000
130.000000
130.000000
146.000000
384.000000
384.000000
186.000000
15.000000
130.000000
130.000000
318.000000
231.000000
119.000000
354.000000
373.000000
310.000000
318.000000
384.000000
190.000000
173.000000
356.000000
384.000000
353.000000
119.000000
387.000000
55.000000
130.000000
382.000000
382.000000
356.000000
12.000000
8.000000
154.000000
212.000000
369.000000
83.000000
146.000000
0.000000
52.000000
0.000000
12.000000
57.000000
174.000000
226.000000
303.000000
119.000000
160.000000
89.000000
186.000000
186.000000
354.000000
186.000000
144.000000
190.000000
245.000000
153.000000
116.000000
215.000000
189.000000
246.000000
327.000000
270.000000
276.000000
130.000000
52.000000
128.000000
87.000000
356.000000
279.000000
130.000000
184.000000
196.000000
369.000000
119.000000
0.000000
144.000000
130.000000
189.000000
146.000000
130.000000
0.000000
246.000000
385.000000
186.000000
128.000000
48.000000
373.000000
54.000000
356.000000
318.000000
310.000000
36.000000
373.000000
12.000000
189.000000
174.000000
144.000000
310.000000
5.000000
318.000000
39.000000
120.000000
189.000000
150.000000
327.000000
60.000000
206.000000
356.000000
153.000000
137.000000
130.000000
186.000000
149.000000
8.000000
174.000000
146.000000
243.000000
54.000000
12.000000
14.000000
189.000000
325.000000
327.000000
189.000000
349.000000
189.000000
186.000000
306.000000
387.000000
128.000000
226.000000
326.000000
182.000000
128.000000
310.000000
384.000000
190.000000
112.000000
55.000000
128.000000
317.000000
346.000000
8.000000
57.000000
112.000000
237.000000
373.000000
119.000000
362.000000
243.000000
279.000000
144.000000
243.000000
177.000000
356.000000
310.000000
189.000000
195.000000
214.000000
231.000000
128.000000
241.000000
186.000000
8.000000
186.000000
193.000000
325.000000
60.000000
130.000000
173.000000
83.000000
224.000000
186.000000
189.000000
153.000000
245.000000
189.000000
328.000000
189.000000
265.000000
144.000000
101.000000
373.000000
73.000000
265.000000
177.000000
130.000000
189.000000
55.000000
130.000000
310.000000
189.000000
292.000000
83.000000
120.000000
54.000000
119.000000
8.000000
153.000000
265.000000
39.000000
130.000000
54.000000
95.000000
146.000000
130.000000
130.000000
327.000000
48.000000
119.000000
189.000000
196.000000
359.000000
186.000000
189.000000
130.000000
184.000000
321.000000
328.000000
144.000000
327.000000
149.000000
144.000000
101.000000
189.000000
54.000000
246.000000
182.000000
129.000000
217.000000
201.000000
119.000000
384.000000
54.000000
128.000000
55.000000
215.000000
56.000000
173.000000
101.000000
190.000000
144.000000
243.000000
189.000000
370.000000
326.000000
86.000000
160.000000
60.000000
186.000000
112.000000
217.000000
327.000000
130.000000
189.000000
279.000000
189.000000
130.000000
15.000000
153.000000
189.000000
189.000000
384.000000
130.000000
331.000000
130.000000
356.000000
173.000000
327.000000
373.000000
0.000000
265.000000
128.000000
150.000000
12.000000
160.000000
353.000000
270.000000
153.000000
8.000000
48.000000
223.000000
130.000000
186.000000
144.000000
189.000000
189.000000
161.000000
382.000000
128.000000
359.000000
8.000000
245.000000
326.000000
186.000000
314.000000
189.000000
119.000000
153.000000
354.000000
128.000000
129.000000
310.000000
215.000000
349.000000
130.000000
39.000000
387.000000
327.000000
184.000000
146.000000
190.000000
37.000000
318.000000
189.000000
173.000000
246.000000
55.000000
56.000000
190.000000
376.000000
200.000000
156.000000
57.000000
119.000000
137.000000
5.000000
387.000000
369.000000
224.000000
382.000000
174.000000
153.000000
101.000000
186.000000
231.000000
56.000000
231.000000
236.000000
370.000000
0.000000
182.000000
182.000000
292.000000
186.000000
0.000000
356.000000
369.000000
370.000000
362.000000
53.000000
130.000000
327.000000
330.000000
190.000000
189.000000
128.000000
310.000000
130.000000
153.000000
130.000000
128.000000
53.000000
57.000000
186.000000
369.000000
373.000000
226.000000
130.000000
186.000000
119.000000
382.000000
279.000000
318.000000
153.000000
327.000000
130.000000
356.000000
5.000000
243.000000
345.000000
57.000000
130.000000
191.000000
153.000000
115.000000
189.000000
119.000000
369.000000
173.000000
144.000000
354.000000
153.000000
60.000000
227.000000
130.000000
130.000000
318.000000
215.000000
353.000000
160.000000
189.000000
120.000000
119.000000
149.000000
236.000000
318.000000
128.000000
356.000000
200.000000
174.000000
292.000000
231.000000
190.000000
101.000000
174.000000
130.000000
55.000000
144.000000
174.000000
159.000000
369.000000
186.000000
368.000000
56.000000
160.000000
174.000000
153.000000
174.000000
176.000000
189.000000
189.000000
310.000000
387.000000
186.000000
373.000000
52.000000
209.000000
245.000000
369.000000
130.000000
189.000000
130.000000
146.000000
120.000000
369.000000
327.000000
190.000000
15.000000
160.000000
354.000000
204.000000
186.000000
160.000000
186.000000
190.000000
356.000000
186.000000
189.000000
85.000000
356.000000
358.000000
356.000000
303.000000
91.000000
160.000000
146.000000
119.000000
310.000000
119.000000
119.000000
265.000000
382.000000
190.000000
160.000000
174.000000
327.000000
12.000000
177.000000
189.000000
190.000000
214.000000
189.000000
128.000000
189.000000
153.000000
369.000000
190.000000
189.000000
112.000000
48.000000
211.000000
8.000000
186.000000
153.000000
165.000000
279.000000
174.000000
289.000000
153.000000
227.000000
146.000000
215.000000
174.000000
56.000000
57.000000
369.000000
360.000000
48.000000
189.000000
356.000000
184.000000
130.000000
156.000000
128.000000
130.000000
160.000000
186.000000
120.000000
369.000000
83.000000
310.000000
130.000000
189.000000
245.000000
382.000000
270.000000
56.000000
231.000000
370.000000
144.000000
53.000000
186.000000
0.000000
191.000000
318.000000
354.000000
144.000000
215.000000
356.000000
53.000000
354.000000
130.000000
128.000000
356.000000
310.000000
144.000000
144.000000
54.000000
387.000000
223.000000
345.000000
213.000000
128.000000
384.000000
128.000000
384.000000
310.000000
186.000000
362.000000
321.000000
372.000000
215.000000
130.000000
189.000000
246.000000
356.000000
130.000000
182.000000
130.000000
209.000000
144.000000
40.000000
144.000000
186.000000
86.000000
189.000000
48.000000
186.000000
190.000000
146.000000
87.000000
369.000000
186.000000
174.000000
184.000000
56.000000
189.000000
130.000000
153.000000
130.000000
382.000000
187.000000
130.000000
345.000000
33.000000
190.000000
8.000000
130.000000
190.000000
189.000000
353.000000
224.000000
327.000000
186.000000
3.000000
128.000000
335.000000
382.000000
214.000000
353.000000
174.000000
128.000000
146.000000
384.000000
149.000000
327.000000
237.000000
237.000000
189.000000
326.000000
128.000000
310.000000
191.000000
149.000000
189.000000
119.000000
387.000000
189.000000
130.000000
53.000000
186.000000
354.000000
231.000000
159.000000
189.000000
189.000000
153.000000
213.000000
8.000000
212.000000
130.000000
130.000000
173.000000
373.000000
160.000000
149.000000
8.000000
173.000000
119.000000
370.000000
314.000000
87.000000
153.000000
318.000000
206.000000
116.000000
130.000000
282.000000
52.000000
166.000000
53.000000
353.000000
355.000000
223.000000
186.000000
224.000000
189.000000
8.000000
186.000000
146.000000
310.000000
150.000000
321.000000
48.000000
54.000000
173.000000
8.000000
146.000000
289.000000
325.000000
153.000000
12.000000
214.000000
128.000000
186.000000
382.000000
174.000000
241.000000
321.000000
189.000000
144.000000
292.000000
191.000000
95.000000
189.000000
359.000000
231.000000
0.000000
276.000000
189.000000
387.000000
14.000000
186.000000
173.000000
56.000000
327.000000
384.000000
224.000000
0.000000
144.000000
174.000000
130.000000
189.000000
369.000000
130.000000
310.000000
189.000000
354.000000
212.000000
190.000000
373.000000
144.000000
289.000000
326.000000
128.000000
153.000000
354.000000
119.000000
119.000000
384.000000
119.000000
220.000000
214.000000
130.000000
186.000000
130.000000
217.000000
246.000000
112.000000
119.000000
326.000000
310.000000
349.000000
144.000000
387.000000
54.000000
186.000000
166.000000
184.000000
174.000000
39.000000
186.000000
0.000000
356.000000
384.000000
130.000000
52.000000
326.000000
146.000000
376.000000
189.000000
189.000000
146.000000
186.000000
174.000000
177.000000
212.000000
130.000000
189.000000
186.000000
182.000000
384.000000
130.000000
130.000000
144.000000
345.000000
345.000000
310.000000
37.000000
153.000000
237.000000
37.000000
130.000000
146.000000
130.000000
327.000000
227.000000
189.000000
231.000000
327.000000
177.000000
119.000000
83.000000
356.000000
146.000000
360.000000
189.000000
146.000000
186.000000
384.000000
382.000000
120.000000
56.000000
188.000000
369.000000
204.000000
387.000000
184.000000
220.000000
186.000000
0.000000
345.000000
101.000000
190.000000
384.000000
189.000000
215.000000
356.000000
153.000000
186.000000
310.000000
384.000000
60.000000
174.000000
186.000000
369.000000
52.000000
51.000000
326.000000
144.000000
200.000000
8.000000
384.000000
224.000000
144.000000
190.000000
384.000000
51.000000
144.000000
189.000000
223.000000
292.000000
130.000000
349.000000
327.000000
243.000000
382.000000
94.000000
0.000000
382.000000
101.000000
190.000000
186.000000
318.000000
130.000000
369.000000
8.000000
184.000000
174.000000
120.000000
327.000000
146.000000
48.000000
326.000000
190.000000
384.000000
56.000000
146.000000
187.000000
186.000000
52.000000
184.000000
146.000000
173.000000
83.000000
174.000000
130.000000
8.000000
173.000000
174.000000
384.000000
384.000000
5.000000
187.000000
321.000000
146.000000
289.000000
173.000000
220.000000
160.000000
173.000000
189.000000
55.000000
48.000000
231.000000
369.000000
243.000000
355.000000
189.000000
356.000000
186.000000
159.000000
243.000000
173.000000
369.000000
384.000000
387.000000
48.000000
130.000000
325.000000
186.000000
215.000000
115.000000
189.000000
144.000000
264.000000
310.000000
128.000000
318.000000
219.000000
88.000000
245.000000
130.000000
186.000000
55.000000
189.000000
384.000000
190.000000
89.000000
345.000000
144.000000
189.000000
212.000000
174.000000
327.000000
189.000000
353.000000
48.000000
231.000000
130.000000
3.000000
130.000000
217.000000
174.000000
91.000000
345.000000
186.000000
174.000000
0.000000
318.000000
189.000000
83.000000
384.000000
130.000000
264.000000
186.000000
173.000000
144.000000
321.000000
55.000000
310.000000
369.000000
130.000000
187.000000
372.000000
186.000000
327.000000
345.000000
130.000000
186.000000
328.000000
186.000000
186.000000
186.000000
173.000000
318.000000
368.000000
243.000000
231.000000
189.000000
246.000000
115.000000
200.000000
354.000000
130.000000
226.000000
128.000000
384.000000
174.000000
101.000000
128.000000
226.000000
175.000000
144.000000
190.000000
384.000000
310.000000
8.000000
189.000000
173.000000
189.000000
382.000000
354.000000
146.000000
173.000000
8.000000
186.000000
217.000000
184.000000
310.000000
173.000000
184.000000
144.000000
359.000000
223.000000
161.000000
87.000000
186.000000
112.000000
186.000000
189.000000
356.000000
189.000000
174.000000
120.000000
120.000000
189.000000
91.000000
212.000000
184.000000
165.000000
112.000000
186.000000
144.000000
8.000000
112.000000
53.000000
130.000000
243.000000
128.000000
373.000000
355.000000
382.000000
354.000000
144.000000
8.000000
354.000000
52.000000
206.000000
292.000000
189.000000
189.000000
326.000000
282.000000
55.000000
130.000000
189.000000
119.000000
8.000000
56.000000
173.000000
186.000000
130.000000
119.000000
129.000000
326.000000
223.000000
52.000000
186.000000
55.000000
355.000000
186.000000
245.000000
189.000000
186.000000
48.000000
310.000000
55.000000
189.000000
186.000000
292.000000
224.000000
276.000000
0.000000
174.000000
318.000000
130.000000
369.000000
88.000000
372.000000
326.000000
144.000000
0.000000
119.000000
214.000000
356.000000
8.000000
0.000000
55.000000
130.000000
189.000000
330.000000
385.000000
173.000000
0.000000
215.000000
345.000000
186.000000
130.000000
146.000000
189.000000
101.000000
119.000000
160.000000
144.000000
8.000000
189.000000
19.000000
54.000000
289.000000
173.000000
119.000000
345.000000
369.000000
146.000000
144.000000
189.000000
318.000000
55.000000
310.000000
174.000000
190.000000
101.000000
14.000000
177.000000
327.000000
129.000000
354.000000
189.000000
51.000000
160.000000
83.000000
144.000000
326.000000
318.000000
130.000000
214.000000
137.000000
37.000000
372.000000
160.000000
189.000000
323.000000
189.000000
200.000000
12.000000
189.000000
189.000000
382.000000
146.000000
119.000000
214.000000
384.000000
186.000000
55.000000
189.000000
224.000000
215.000000
128.000000
119.000000
243.000000
165.000000
189.000000
370.000000
165.000000
353.000000
349.000000
5.000000
14.000000
189.000000
130.000000
224.000000
174.000000
243.000000
120.000000
325.000000
187.000000
318.000000
327.000000
173.000000
177.000000
101.000000
149.000000
83.000000
387.000000
356.000000
8.000000
355.000000
184.000000
355.000000
204.000000
372.000000
387.000000
128.000000
325.000000
382.000000
130.000000
245.000000
241.000000
382.000000
56.000000
243.000000
356.000000
321.000000
326.000000
52.000000
101.000000
243.000000
112.000000
56.000000
217.000000
173.000000
39.000000
130.000000
384.000000
382.000000
161.000000
184.000000
119.000000
165.000000
173.000000
384.000000
214.000000
343.000000
174.000000
206.000000
130.000000
174.000000
296.000000
369.000000
276.000000
195.000000
156.000000
327.000000
189.000000
130.000000
0.000000
189.000000
130.000000
206.000000
173.000000
362.000000
227.000000
51.000000
8.000000
146.000000
130.000000
189.000000
130.000000
189.000000
184.000000
119.000000
83.000000
215.000000
384.000000
56.000000
354.000000
189.000000
318.000000
189.000000
184.000000
161.000000
189.000000
8.000000
345.000000
187.000000
189.000000
231.000000
0.000000
0.000000
112.000000
150.000000
128.000000
310.000000
154.000000
146.000000
326.000000
130.000000
190.000000
48.000000
356.000000
189.000000
327.000000
373.000000
173.000000
160.000000
130.000000
190.000000
241.000000
387.000000
368.000000
165.000000
183.000000
39.000000
120.000000
56.000000
215.000000
130.000000
159.000000
369.000000
190.000000
12.000000
189.000000
173.000000
182.000000
279.000000
245.000000
369.000000
186.000000
212.000000
223.000000
130.000000
186.000000
186.000000
190.000000
173.000000
128.000000
83.000000
0.000000
101.000000
130.000000
130.000000
146.000000
354.000000
0.000000
310.000000
144.000000
236.000000
130.000000
186.000000
186.000000
373.000000
215.000000
189.000000
369.000000
186.000000
55.000000
57.000000
305.000000
325.000000
215.000000
243.000000
174.000000
55.000000
219.000000
184.000000
53.000000
128.000000
190.000000
328.000000
130.000000
53.000000
387.000000
182.000000
353.000000
146.000000
173.000000
173.000000
369.000000
326.000000
318.000000
15.000000
186.000000
130.000000
362.000000
384.000000
116.000000
144.000000
120.000000
189.000000
174.000000
52.000000
48.000000
354.000000
8.000000
130.000000
282.000000
360.000000
318.000000
146.000000
189.000000
384.000000
356.000000
191.000000
318.000000
48.000000
362.000000
190.000000
354.000000
241.000000
15.000000
310.000000
160.000000
310.000000
327.000000
187.000000
213.000000
130.000000
373.000000
376.000000
190.000000
243.000000
128.000000
354.000000
289.000000
189.000000
224.000000
37.000000
8.000000
144.000000
83.000000
387.000000
184.000000
0.000000
354.000000
101.000000
327.000000
166.000000
270.000000
224.000000
144.000000
373.000000
310.000000
368.000000
0.000000
369.000000
153.000000
237.000000
144.000000
206.000000
0.000000
8.000000
153.000000
354.000000
129.000000
111.000000
184.000000
33.000000
8.000000
184.000000
190.000000
0.000000
82.000000
128.000000
173.000000
174.000000
384.000000
173.000000
369.000000
153.000000
369.000000
186.000000
146.000000
212.000000
130.000000
153.000000
8.000000
310.000000
314.000000
209.000000
189.000000
264.000000
314.000000
243.000000
175.000000
120.000000
276.000000
212.000000
182.000000
128.000000
119.000000
190.000000
91.000000
184.000000
0.000000
186.000000
190.000000
241.000000
182.000000
189.000000
160.000000
387.000000
184.000000
310.000000
189.000000
310.000000
318.000000
8.000000
37.000000
160.000000
136.000000
231.000000
119.000000
173.000000
241.000000
39.000000
189.000000
120.000000
190.000000
144.000000
186.000000
137.000000
144.000000
153.000000
384.000000
186.000000
189.000000
177.000000
384.000000
370.000000
130.000000
174.000000
119.000000
119.000000
369.000000
387.000000
144.000000
153.000000
189.000000
149.000000
353.000000
39.000000
189.000000
146.000000
189.000000
130.000000
193.000000
189.000000
119.000000
227.000000
354.000000
189.000000
183.000000
130.000000
182.000000
189.000000
56.000000
310.000000
189.000000
215.000000
184.000000
173.000000
153.000000
368.000000
214.000000
190.000000
306.000000
128.000000
189.000000
189.000000
190.000000
215.000000
355.000000
190.000000
186.000000
369.000000
189.000000
354.000000
189.000000
189.000000
14.000000
186.000000
57.000000
186.000000
191.000000
318.000000
384.000000
231.000000
343.000000
189.000000
119.000000
237.000000
189.000000
384.000000
349.000000
369.000000
153.000000
137.000000
243.000000
353.000000
382.000000
189.000000
217.000000
356.000000
173.000000
146.000000
130.000000
120.000000
177.000000
160.000000
8.000000
186.000000
144.000000
279.000000
116.000000
88.000000
354.000000
128.000000
130.000000
130.000000
52.000000
384.000000
327.000000
354.000000
327.000000
355.000000
48.000000
184.000000
146.000000
356.000000
130.000000
237.000000
193.000000
57.000000
382.000000
243.000000
144.000000
310.000000
189.000000
130.000000
173.000000
137.000000
56.000000
190.000000
327.000000
214.000000
128.000000
146.000000
189.000000
144.000000
360.000000
195.000000
220.000000
189.000000
173.000000
130.000000
206.000000
360.000000
37.000000
184.000000
128.000000
86.000000
189.000000
54.000000
153.000000
328.000000
362.000000
387.000000
189.000000
130.000000
310.000000
326.000000
182.000000
120.000000
241.000000
289.000000
345.000000
173.000000
144.000000
48.000000
326.000000
15.000000
376.000000
130.000000
149.000000
186.000000
373.000000
186.000000
119.000000
241.000000
213.000000
130.000000
354.000000
137.000000
101.000000
54.000000
193.000000
270.000000
73.000000
130.000000
174.000000
91.000000
318.000000
130.000000
8.000000
101.000000
323.000000
101.000000
186.000000
8.000000
56.000000
190.000000
119.000000
186.000000
87.000000
288.000000
356.000000
130.000000
120.000000
130.000000
119.000000
312.000000
189.000000
376.000000
189.000000
128.000000
146.000000
144.000000
119.000000
243.000000
144.000000
130.000000
130.000000
153.000000
270.000000
130.000000
146.000000
326.000000
173.000000
325.000000
33.000000
318.000000
276.000000
345.000000
144.000000
94.000000
53.000000
327.000000
101.000000
186.000000
83.000000
130.000000
52.000000
373.000000
189.000000
186.000000
382.000000
160.000000
130.000000
310.000000
189.000000
174.000000
153.000000
356.000000
243.000000
128.000000
186.000000
0.000000
149.000000
345.000000
56.000000
384.000000
189.000000
186.000000
112.000000
174.000000
327.000000
54.000000
160.000000
356.000000
373.000000
130.000000
327.000000
215.000000
186.000000
310.000000
153.000000
362.000000
56.000000
186.000000
241.000000
190.000000
353.000000
243.000000
325.000000
53.000000
128.000000
193.000000
94.000000
83.000000
146.000000
310.000000
55.000000
83.000000
189.000000
53.000000
327.000000
227.000000
270.000000
190.000000
130.000000
288.000000
282.000000
327.000000
186.000000
189.000000
310.000000
55.000000
276.000000
146.000000
215.000000
146.000000
212.000000
189.000000
153.000000
318.000000
130.000000
305.000000
306.000000
356.000000
384.000000
119.000000
191.000000
356.000000
0.000000
189.000000
129.000000
387.000000
276.000000
189.000000
369.000000
174.000000
356.000000
270.000000
321.000000
279.000000
173.000000
130.000000
0.000000
40.000000
353.000000
144.000000
243.000000
12.000000
189.000000
382.000000
306.000000
128.000000
153.000000
15.000000
189.000000
356.000000
184.000000
130.000000
231.000000
48.000000
214.000000
186.000000
369.000000
224.000000
119.000000
120.000000
144.000000
119.000000
231.000000
56.000000
130.000000
243.000000
212.000000
130.000000
144.000000
95.000000
146.000000
60.000000
130.000000
186.000000
321.000000
101.000000
160.000000
212.000000
186.000000
189.000000
213.000000
83.000000
318.000000
153.000000
174.000000
186.000000
52.000000
177.000000
387.000000
189.000000
346.000000
321.000000
305.000000
119.000000
173.000000
130.000000
0.000000
56.000000
353.000000
128.000000
166.000000
129.000000
173.000000
130.000000
349.000000
130.000000
373.000000
144.000000
128.000000
120.000000
186.000000
130.000000
265.000000
223.000000
345.000000
0.000000
219.000000
37.000000
289.000000
356.000000
356.000000
153.000000
191.000000
119.000000
101.000000
209.000000
353.000000
212.000000
188.000000
189.000000
189.000000
160.000000
354.000000
186.000000
173.000000
384.000000
223.000000
186.000000
119.000000
153.000000
325.000000
190.000000
321.000000
354.000000
56.000000
186.000000
184.000000
12.000000
186.000000
0.000000
201.000000
130.000000
129.000000
128.000000
356.000000
345.000000
190.000000
345.000000
91.000000
356.000000
130.000000
355.000000
101.000000
129.000000
189.000000
382.000000
12.000000
245.000000
48.000000
189.000000
318.000000
314.000000
83.000000
186.000000
354.000000
227.000000
284.000000
39.000000
56.000000
212.000000
382.000000
188.000000
189.000000
0.000000
223.000000
130.000000
191.000000
189.000000
130.000000
165.000000
119.000000
119.000000
186.000000
387.000000
120.000000
128.000000
165.000000
243.000000
0.000000
224.000000
130.000000
87.000000
146.000000
241.000000
8.000000
189.000000
55.000000
146.000000
128.000000
186.000000
144.000000
189.000000
310.000000
182.000000
310.000000
14.000000
144.000000
189.000000
160.000000
189.000000
186.000000
189.000000
212.000000
48.000000
186.000000
165.000000
154.000000
345.000000
243.000000
186.000000
48.000000
356.000000
190.000000
184.000000
327.000000
73.000000
193.000000
189.000000
130.000000
144.000000
345.000000
101.000000
323.000000
327.000000
173.000000
384.000000
384.000000
310.000000
149.000000
130.000000
264.000000
55.000000
189.000000
189.000000
354.000000
186.000000
384.000000
48.000000
189.000000
368.000000
146.000000
130.000000
91.000000
130.000000
186.000000
161.000000
52.000000
175.000000
206.000000
264.000000
160.000000
56.000000
112.000000
8.000000
369.000000
8.000000
146.000000
369.000000
212.000000
189.000000
153.000000
353.000000
146.000000
214.000000
223.000000
173.000000
310.000000
245.000000
48.000000
226.000000
60.000000
327.000000
189.000000
186.000000
165.000000
212.000000
8.000000
327.000000
213.000000
310.000000
354.000000
130.000000
130.000000
245.000000
189.000000
189.000000
144.000000
144.000000
349.000000
130.000000
310.000000
384.000000
174.000000
186.000000
130.000000
56.000000
130.000000
73.000000
128.000000
211.000000
353.000000
200.000000
137.000000
170.000000
144.000000
356.000000
189.000000
237.000000
146.000000
330.000000
369.000000
130.000000
130.000000
173.000000
8.000000
101.000000
214.000000
144.000000
382.000000
354.000000
282.000000
189.000000
362.000000
8.000000
326.000000
15.000000
149.000000
0.000000
149.000000
130.000000
130.000000
130.000000
130.000000
189.000000
130.000000
325.000000
48.000000
231.000000
173.000000
189.000000
384.000000
328.000000
130.000000
345.000000
189.000000
129.000000
130.000000
53.000000
166.000000
144.000000
356.000000
189.000000
146.000000
165.000000
119.000000
326.000000
189.000000
314.000000
77.000000
177.000000
249.000000
130.000000
130.000000
354.000000
369.000000
53.000000
327.000000
241.000000
130.000000
189.000000
213.000000
186.000000
189.000000
326.000000
384.000000
189.000000
382.000000
173.000000
327.000000
382.000000
349.000000
0.000000
345.000000
130.000000
243.000000
128.000000
354.000000
189.000000
130.000000
54.000000
128.000000
116.000000
166.000000
245.000000
327.000000
382.000000
189.000000
243.000000
369.000000
160.000000
146.000000
384.000000
160.000000
130.000000
130.000000
8.000000
369.000000
174.000000
130.000000
8.000000
190.000000
186.000000
146.000000
182.000000
150.000000
327.000000
189.000000
223.000000
146.000000
323.000000
189.000000
326.000000
190.000000
189.000000
129.000000
327.000000
182.000000
354.000000
8.000000
184.000000
137.000000
321.000000
231.000000
382.000000
327.000000
186.000000
130.000000
245.000000
39.000000
144.000000
0.000000
200.000000
119.000000
150.000000
55.000000
369.000000
190.000000
174.000000
384.000000
119.000000
189.000000
189.000000
345.000000
189.000000
153.000000
144.000000
356.000000
243.000000
186.000000
241.000000
186.000000
144.000000
345.000000
144.000000
160.000000
327.000000
165.000000
119.000000
146.000000
327.000000
161.000000
387.000000
206.000000
146.000000
144.000000
330.000000
128.000000
165.000000
39.000000
117.000000
195.000000
88.000000
161.000000
270.000000
56.000000
384.000000
200.000000
335.000000
191.000000
204.000000
323.000000
186.000000
323.000000
270.000000
153.000000
160.000000
150.000000
189.000000
8.000000
327.000000
174.000000
128.000000
130.000000
119.000000
173.000000
200.000000
146.000000
186.000000
330.000000
310.000000
356.000000
105.000000
187.000000
130.000000
354.000000
137.000000
130.000000
369.000000
173.000000
182.000000
48.000000
190.000000
265.000000
137.000000
130.000000
83.000000
120.000000
186.000000
353.000000
173.000000
165.000000
384.000000
146.000000
310.000000
175.000000
130.000000
181.000000
384.000000
8.000000
0.000000
215.000000
128.000000
55.000000
128.000000
184.000000
184.000000
55.000000
248.000000
186.000000
327.000000
130.000000
48.000000
384.000000
382.000000
144.000000
246.000000
186.000000
345.000000
129.000000
384.000000
101.000000
130.000000
209.000000
37.000000
212.000000
112.000000
189.000000
384.000000
193.000000
186.000000
60.000000
184.000000
318.000000
86.000000
245.000000
353.000000
214.000000
173.000000
354.000000
327.000000
265.000000
156.000000
310.000000
146.000000
146.000000
245.000000
382.000000
119.000000
191.000000
387.000000
369.000000
189.000000
243.000000
130.000000
128.000000
190.000000
370.000000
384.000000
387.000000
130.000000
243.000000
289.000000
354.000000
355.000000
120.000000
354.000000
289.000000
119.000000
112.000000
144.000000
0.000000
382.000000
189.000000
200.000000
270.000000
83.000000
8.000000
369.000000
184.000000
173.000000
174.000000
166.000000
83.000000
55.000000
56.000000
189.000000
52.000000
224.000000
119.000000
212.000000
40.000000
186.000000
48.000000
189.000000
212.000000
270.000000
182.000000
0.000000
289.000000
101.000000
149.000000
384.000000
368.000000
289.000000
355.000000
215.000000
189.000000
174.000000
88.000000
120.000000
189.000000
345.000000
0.000000
321.000000
130.000000
189.000000
86.000000
354.000000
8.000000
237.000000
0.000000
321.000000
130.000000
189.000000
0.000000
186.000000
182.000000
190.000000
212.000000
186.000000
190.000000
174.000000
243.000000
214.000000
382.000000
382.000000
189.000000
189.000000
369.000000
130.000000
119.000000
327.000000
382.000000
37.000000
331.000000
130.000000
310.000000
184.000000
130.000000
346.000000
186.000000
160.000000
173.000000
212.000000
190.000000
245.000000
327.000000
382.000000
144.000000
190.000000
356.000000
173.000000
119.000000
354.000000
184.000000
327.000000
8.000000
153.000000
165.000000
359.000000
243.000000
189.000000
243.000000
55.000000
224.000000
128.000000
174.000000
186.000000
130.000000
186.000000
382.000000
231.000000
354.000000
184.000000
354.000000
144.000000
345.000000
189.000000
130.000000
215.000000
212.000000
112.000000
48.000000
101.000000
186.000000
186.000000
48.000000
130.000000
384.000000
184.000000
345.000000
14.000000
174.000000
356.000000
189.000000
353.000000
184.000000
345.000000
355.000000
130.000000
243.000000
130.000000
189.000000
153.000000
189.000000
119.000000
369.000000
120.000000
245.000000
356.000000
382.000000
189.000000
153.000000
387.000000
128.000000
8.000000
326.000000
189.000000
53.000000
120.000000
220.000000
356.000000
89.000000
345.000000
191.000000
177.000000
327.000000
128.000000
243.000000
101.000000
165.000000
184.000000
174.000000
146.000000
88.000000
356.000000
0.000000
189.000000
87.000000
189.000000
326.000000
173.000000
189.000000
246.000000
173.000000
128.000000
318.000000
8.000000
144.000000
144.000000
264.000000
184.000000
184.000000
146.000000
128.000000
382.000000
223.000000
354.000000
189.000000
48.000000
12.000000
153.000000
186.000000
144.000000
184.000000
149.000000
326.000000
215.000000
289.000000
190.000000
384.000000
191.000000
182.000000
305.000000
368.000000
144.000000
190.000000
326.000000
119.000000
119.000000
189.000000
149.000000
245.000000
231.000000
212.000000
144.000000
305.000000
190.000000
53.000000
95.000000
119.000000
231.000000
356.000000
119.000000
200.000000
101.000000
8.000000
384.000000
56.000000
318.000000
189.000000
231.000000
173.000000
146.000000
310.000000
186.000000
186.000000
189.000000
173.000000
159.000000
189.000000
223.000000
177.000000
48.000000
130.000000
190.000000
189.000000
8.000000
56.000000
144.000000
189.000000
173.000000
130.000000
128.000000
149.000000
189.000000
241.000000
369.000000
369.000000
354.000000
128.000000
354.000000
53.000000
0.000000
88.000000
130.000000
174.000000
289.000000
56.000000
189.000000
83.000000
345.000000
56.000000
384.000000
220.000000
184.000000
186.000000
48.000000
153.000000
144.000000
373.000000
186.000000
174.000000
384.000000
0.000000
153.000000
149.000000
362.000000
321.000000
303.000000
305.000000
82.000000
354.000000
144.000000
292.000000
190.000000
245.000000
54.000000
130.000000
8.000000
55.000000
101.000000
245.000000
60.000000
243.000000
186.000000
0.000000
189.000000
130.000000
173.000000
189.000000
186.000000
8.000000
325.000000
173.000000
177.000000
173.000000
130.000000
186.000000
224.000000
161.000000
39.000000
349.000000
276.000000
330.000000
312.000000
119.000000
190.000000
189.000000
128.000000
186.000000
56.000000
354.000000
189.000000
270.000000
318.000000
182.000000
196.000000
144.000000
160.000000
119.000000
186.000000
150.000000
186.000000
130.000000
187.000000
215.000000
144.000000
150.000000
55.000000
318.000000
153.000000
120.000000
200.000000
246.000000
243.000000
186.000000
369.000000
190.000000
382.000000
184.000000
326.000000
327.000000
354.000000
55.000000
369.000000
189.000000
116.000000
310.000000
310.000000
318.000000
189.000000
130.000000
137.000000
215.000000
8.000000
186.000000
149.000000
50.000000
326.000000
86.000000
220.000000
296.000000
160.000000
189.000000
189.000000
354.000000
212.000000
53.000000
130.000000
146.000000
327.000000
326.000000
56.000000
349.000000
214.000000
144.000000
8.000000
354.000000
200.000000
189.000000
349.000000
12.000000
8.000000
91.000000
174.000000
0.000000
119.000000
130.000000
130.000000
231.000000
243.000000
190.000000
384.000000
153.000000
189.000000
356.000000
370.000000
189.000000
86.000000
174.000000
112.000000
195.000000
153.000000
153.000000
101.000000
231.000000
318.000000
356.000000
119.000000
128.000000
161.000000
173.000000
173.000000
189.000000
128.000000
8.000000
116.000000
153.000000
224.000000
186.000000
144.000000
173.000000
112.000000
387.000000
91.000000
130.000000
189.000000
8.000000
174.000000
159.000000
160.000000
195.000000
130.000000
130.000000
191.000000
186.000000
174.000000
241.000000
128.000000
200.000000
128.000000
190.000000
186.000000
189.000000
190.000000
170.000000
37.000000
354.000000
331.000000
353.000000
215.000000
375.000000
318.000000
186.000000
223.000000
349.000000
182.000000
186.000000
345.000000
130.000000
189.000000
387.000000
189.000000
212.000000
120.000000
48.000000
327.000000
165.000000
189.000000
160.000000
160.000000
318.000000
130.000000
189.000000
56.000000
55.000000
212.000000
195.000000
0.000000
101.000000
8.000000
186.000000
310.000000
144.000000
173.000000
8.000000
188.000000
144.000000
186.000000
130.000000
187.000000
86.000000
184.000000
190.000000
174.000000
56.000000
189.000000
130.000000
119.000000
130.000000
161.000000
56.000000
212.000000
220.000000
119.000000
12.000000
51.000000
39.000000
190.000000
130.000000
369.000000
231.000000
186.000000
373.000000
310.000000
149.000000
130.000000
174.000000
195.000000
165.000000
54.000000
310.000000
231.000000
387.000000
174.000000
130.000000
111.000000
243.000000
153.000000
189.000000
53.000000
243.000000
56.000000
246.000000
354.000000
372.000000
130.000000
382.000000
8.000000
130.000000
189.000000
310.000000
356.000000
173.000000
373.000000
182.000000
327.000000
153.000000
55.000000
144.000000
8.000000
119.000000
173.000000
146.000000
384.000000
369.000000
8.000000
189.000000
184.000000
237.000000
155.000000
231.000000
384.000000
204.000000
186.000000
173.000000
161.000000
292.000000
265.000000
369.000000
223.000000
321.000000
184.000000
54.000000
382.000000
354.000000
224.000000
318.000000
53.000000
330.000000
8.000000
128.000000
354.000000
119.000000
241.000000
153.000000
161.000000
182.000000
8.000000
353.000000
174.000000
165.000000
356.000000
144.000000
186.000000
195.000000
146.000000
327.000000
174.000000
384.000000
369.000000
303.000000
189.000000
189.000000
186.000000
189.000000
128.000000
327.000000
189.000000
384.000000
60.000000
327.000000
8.000000
12.000000
130.000000
241.000000
146.000000
310.000000
129.000000
130.000000
186.000000
318.000000
144.000000
310.000000
190.000000
137.000000
276.000000
149.000000
184.000000
101.000000
382.000000
384.000000
86.000000
165.000000
189.000000
112.000000
144.000000
130.000000
177.000000
14.000000
186.000000
130.000000
10.000000
189.000000
55.000000
119.000000
55.000000
186.000000
387.000000
146.000000
120.000000
189.000000
310.000000
370.000000
130.000000
189.000000
362.000000
190.000000
149.000000
184.000000
186.000000
215.000000
111.000000
174.000000
189.000000
387.000000
356.000000
289.000000
327.000000
382.000000
189.000000
0.000000
8.000000
245.000000
186.000000
330.000000
130.000000
373.000000
245.000000
354.000000
186.000000
189.000000
120.000000
56.000000
95.000000
184.000000
130.000000
130.000000
130.000000
129.000000
55.000000
382.000000
8.000000
200.000000
387.000000
153.000000
387.000000
86.000000
354.000000
56.000000
189.000000
0.000000
204.000000
349.000000
189.000000
144.000000
327.000000
187.000000
343.000000
306.000000
223.000000
12.000000
130.000000
177.000000
101.000000
101.000000
189.000000
101.000000
51.000000
175.000000
369.000000
189.000000
327.000000
130.000000
270.000000
189.000000
190.000000
144.000000
189.000000
189.000000
270.000000
130.000000
212.000000
310.000000
318.000000
326.000000
384.000000
200.000000
265.000000
87.000000
120.000000
146.000000
174.000000
130.000000
212.000000
224.000000
189.000000
354.000000
289.000000
8.000000
246.000000
191.000000
356.000000
146.000000
326.000000
144.000000
327.000000
345.000000
149.000000
213.000000
130.000000
186.000000
186.000000
356.000000
130.000000
310.000000
150.000000
326.000000
189.000000
212.000000
0.000000
8.000000
130.000000
384.000000
57.000000
191.000000
186.000000
186.000000
359.000000
372.000000
137.000000
384.000000
0.000000
173.000000
146.000000
356.000000
345.000000
353.000000
189.000000
184.000000
345.000000
214.000000
119.000000
189.000000
119.000000
270.000000
8.000000
10.000000
128.000000
184.000000
182.000000
130.000000
174.000000
128.000000
245.000000
356.000000
101.000000
137.000000
0.000000
8.000000
189.000000
220.000000
186.000000
200.000000
326.000000
146.000000
189.000000
144.000000
227.000000
130.000000
184.000000
346.000000
137.000000
130.000000
243.000000
226.000000
173.000000
190.000000
354.000000
144.000000
56.000000
116.000000
120.000000
311.000000
101.000000
53.000000
8.000000
241.000000
189.000000
200.000000
54.000000
60.000000
144.000000
289.000000
130.000000
101.000000
310.000000
181.000000
241.000000
130.000000
189.000000
220.000000
220.000000
166.000000
276.000000
189.000000
146.000000
189.000000
101.000000
241.000000
354.000000
289.000000
128.000000
174.000000
354.000000
243.000000
186.000000
327.000000
130.000000
326.000000
186.000000
146.000000
173.000000
130.000000
189.000000
101.000000
328.000000
53.000000
318.000000
130.000000
166.000000
189.000000
184.000000
326.000000
191.000000
174.000000
189.000000
0.000000
345.000000
119.000000
165.000000
186.000000
186.000000
8.000000
189.000000
186.000000
8.000000
55.000000
8.000000
310.000000
15.000000
384.000000
12.000000
217.000000
188.000000
223.000000
292.000000
214.000000
0.000000
373.000000
48.000000
130.000000
175.000000
356.000000
213.000000
354.000000
369.000000
146.000000
48.000000
372.000000
8.000000
330.000000
213.000000
231.000000
173.000000
349.000000
191.000000
231.000000
189.000000
0.000000
251.000000
186.000000
292.000000
146.000000
184.000000
189.000000
130.000000
48.000000
3.000000
130.000000
213.000000
177.000000
146.000000
189.000000
356.000000
189.000000
146.000000
318.000000
153.000000
186.000000
103.000000
144.000000
310.000000
184.000000
384.000000
160.000000
214.000000
86.000000
248.000000
189.000000
146.000000
101.000000
353.000000
354.000000
189.000000
173.000000
384.000000
190.000000
353.000000
128.000000
173.000000
321.000000
166.000000
130.000000
325.000000
173.000000
146.000000
369.000000
10.000000
356.000000
153.000000
160.000000
190.000000
0.000000
190.000000
190.000000
175.000000
189.000000
241.000000
326.000000
328.000000
276.000000
101.000000
146.000000
130.000000
154.000000
310.000000
243.000000
161.000000
369.000000
8.000000
120.000000
189.000000
276.000000
321.000000
60.000000
190.000000
186.000000
186.000000
353.000000
223.000000
189.000000
327.000000
191.000000
