0.423847 7.000000 0.000000 0.200000
0.426168 8.000000 0.000000 0.200000
0.428489 9.000000 0.000000 0.200000
0.426168 7.000000 1.000000 0.200000
0.427618 8.000000 1.000000 0.200000
0.425297 9.000000 1.000000 0.200000
0.425297 7.000000 0.000000 0.300000
0.431970 8.000000 0.000000 0.300000
0.429649 9.000000 0.000000 0.300000
0.423557 7.000000 1.000000 0.300000
0.424137 8.000000 1.000000 0.300000
0.427328 9.000000 1.000000 0.300000
0.426748 7.000000 0.000000 0.400000
0.426458 8.000000 0.000000 0.400000
0.428779 9.000000 0.000000 0.400000
0.427908 7.000000 1.000000 0.400000
0.424717 8.000000 1.000000 0.400000
0.428198 9.000000 1.000000 0.400000
