2290.000000
3267.000000
1341.000000
326.000000
3267.000000
2020.000000
3267.000000
1021.000000
3702.000000
620.000000
2800.000000
2921.000000
3267.000000
3267.000000
3191.000000
731.000000
3267.000000
3267.000000
2188.000000
2257.000000
3267.000000
1797.000000
3267.000000
2800.000000
1754.000000
1723.000000
325.000000
1377.000000
1424.000000
3267.000000
3267.000000
1021.000000
1377.000000
2465.000000
3267.000000
3267.000000
3267.000000
3267.000000
3194.000000
2800.000000
1377.000000
2800.000000
3267.000000
1579.000000
1458.000000
1723.000000
2800.000000
3267.000000
2800.000000
3267.000000
2800.000000
1021.000000
3267.000000
2020.000000
2800.000000
3267.000000
844.000000
3267.000000
1341.000000
3267.000000
1377.000000
3267.000000
3267.000000
2020.000000
1021.000000
3267.000000
1377.000000
2465.000000
3267.000000
2800.000000
3267.000000
2213.000000
3267.000000
3267.000000
1377.000000
1021.000000
2258.000000
1802.000000
2800.000000
3267.000000
3267.000000
1377.000000
3841.000000
3267.000000
3267.000000
2800.000000
1759.000000
3267.000000
3267.000000
3369.000000
1377.000000
938.000000
3267.000000
3267.000000
3267.000000
1377.000000
1021.000000
3267.000000
1377.000000
3267.000000
1377.000000
2800.000000
1554.000000
3267.000000
571.000000
3673.000000
1341.000000
3267.000000
3267.000000
1273.000000
3626.000000
1660.000000
2800.000000
3267.000000
2800.000000
2122.000000
370.000000
3267.000000
2800.000000
899.000000
458.000000
1166.000000
3267.000000
2800.000000
1341.000000
1716.000000
1723.000000
2800.000000
2800.000000
2111.000000
1380.000000
2800.000000
326.000000
2800.000000
1723.000000
3267.000000
3267.000000
3267.000000
367.000000
1021.000000
1377.000000
2800.000000
247.000000
3832.000000
1021.000000
2111.000000
3267.000000
3267.000000
3267.000000
2800.000000
1377.000000
3267.000000
3267.000000
2800.000000
1021.000000
3193.000000
3267.000000
1377.000000
2188.000000
2800.000000
1021.000000
3267.000000
521.000000
1021.000000
3267.000000
3267.000000
829.000000
1656.000000
1377.000000
1377.000000
513.000000
3267.000000
3267.000000
3267.000000
2718.000000
2800.000000
56.000000
1377.000000
1972.000000
3267.000000
1723.000000
73.000000
326.000000
3267.000000
1377.000000
2800.000000
1723.000000
1711.000000
1341.000000
3400.000000
3267.000000
2111.000000
3267.000000
2213.000000
2543.000000
2800.000000
2800.000000
2800.000000
2800.000000
3267.000000
1021.000000
3188.000000
1341.000000
326.000000
897.000000
3267.000000
3267.000000
2800.000000
2111.000000
2800.000000
1377.000000
3267.000000
2800.000000
3267.000000
3417.000000
3267.000000
1377.000000
3267.000000
2800.000000
3267.000000
2800.000000
3267.000000
1440.000000
662.000000
3267.000000
201.000000
326.000000
3267.000000
0.000000
3267.000000
1377.000000
2800.000000
3549.000000
1021.000000
2800.000000
3267.000000
1341.000000
1229.000000
69.000000
1846.000000
1728.000000
3267.000000
1723.000000
3388.000000
1728.000000
2800.000000
3267.000000
326.000000
3267.000000
3866.000000
3267.000000
3267.000000
0.000000
3267.000000
3267.000000
2111.000000
3392.000000
326.000000
1021.000000
806.000000
3267.000000
2800.000000
1069.000000
2800.000000
1021.000000
2513.000000
2800.000000
2800.000000
3267.000000
1377.000000
3267.000000
1021.000000
1723.000000
2800.000000
2800.000000
1377.000000
3092.000000
2188.000000
3267.000000
3267.000000
3267.000000
3267.000000
3267.000000
3267.000000
2574.000000
2800.000000
2800.000000
3267.000000
1723.000000
3267.000000
3842.000000
2800.000000
2800.000000
1377.000000
326.000000
2800.000000
2800.000000
1377.000000
3216.000000
2800.000000
3267.000000
1021.000000
3267.000000
3467.000000
3267.000000
2800.000000
326.000000
3267.000000
1377.000000
3267.000000
3124.000000
3267.000000
2800.000000
2847.000000
3267.000000
1723.000000
1021.000000
1700.000000
1221.000000
3267.000000
2800.000000
963.000000
3267.000000
2800.000000
3267.000000
3267.000000
3267.000000
1021.000000
1021.000000
2800.000000
3267.000000
830.000000
3267.000000
2800.000000
3759.000000
2800.000000
326.000000
2800.000000
3267.000000
2188.000000
3267.000000
777.000000
1021.000000
3267.000000
750.000000
2020.000000
326.000000
1377.000000
3220.000000
3267.000000
2800.000000
1021.000000
3928.000000
3267.000000
3759.000000
819.000000
1162.000000
2094.000000
2201.000000
3267.000000
2213.000000
2917.000000
1021.000000
3267.000000
2800.000000
3267.000000
3267.000000
646.000000
3267.000000
3267.000000
3267.000000
3267.000000
2800.000000
3267.000000
2800.000000
3567.000000
3267.000000
3346.000000
2213.000000
3267.000000
3087.000000
326.000000
1536.000000
2213.000000
1377.000000
2800.000000
2800.000000
3533.000000
1377.000000
3167.000000
3267.000000
326.000000
3651.000000
2276.000000
1595.000000
1377.000000
1377.000000
3138.000000
1377.000000
1377.000000
3267.000000
2800.000000
1377.000000
2738.000000
3267.000000
3326.000000
1021.000000
2800.000000
3580.000000
3267.000000
3267.000000
3267.000000
3267.000000
3928.000000
1021.000000
1723.000000
1368.000000
1341.000000
3267.000000
2208.000000
3267.000000
326.000000
2188.000000
2800.000000
1021.000000
3267.000000
3629.000000
3267.000000
3267.000000
2800.000000
2800.000000
1341.000000
3267.000000
3267.000000
1377.000000
1377.000000
2020.000000
3267.000000
2800.000000
1021.000000
2188.000000
2465.000000
3267.000000
3064.000000
853.000000
3267.000000
2800.000000
3267.000000
3267.000000
2800.000000
2800.000000
2800.000000
326.000000
3267.000000
3267.000000
589.000000
2629.000000
1403.000000
23.000000
1021.000000
3267.000000
3267.000000
1021.000000
278.000000
1286.000000
1021.000000
2974.000000
1021.000000
1021.000000
1021.000000
1341.000000
2878.000000
3267.000000
839.000000
3267.000000
1723.000000
3267.000000
1341.000000
1021.000000
3267.000000
2800.000000
2800.000000
2188.000000
3267.000000
3267.000000
2598.000000
1377.000000
1377.000000
2800.000000
2800.000000
1021.000000
2130.000000
3267.000000
370.000000
897.000000
0.000000
2454.000000
3267.000000
3267.000000
157.000000
2800.000000
2800.000000
2249.000000
2800.000000
948.000000
3267.000000
3267.000000
3267.000000
1377.000000
661.000000
3267.000000
3267.000000
3267.000000
2800.000000
2800.000000
750.000000
3267.000000
2800.000000
2800.000000
3267.000000
3267.000000
2800.000000
3267.000000
2698.000000
2445.000000
2800.000000
2800.000000
3267.000000
3267.000000
3267.000000
2800.000000
3650.000000
3267.000000
326.000000
3267.000000
3267.000000
3267.000000
3267.000000
3398.000000
3267.000000
3267.000000
1021.000000
1021.000000
3108.000000
3267.000000
2894.000000
3267.000000
1021.000000
3267.000000
2800.000000
3267.000000
1399.000000
2800.000000
2800.000000
2800.000000
2977.000000
3267.000000
2130.000000
1716.000000
1377.000000
1339.000000
3267.000000
1021.000000
1377.000000
505.000000
3656.000000
2800.000000
2500.000000
1021.000000
1377.000000
3235.000000
3267.000000
326.000000
1170.000000
1685.000000
3267.000000
3267.000000
2800.000000
3267.000000
1021.000000
2111.000000
3092.000000
3267.000000
3267.000000
859.000000
2800.000000
2800.000000
580.000000
3267.000000
3708.000000
194.000000
1021.000000
2800.000000
1377.000000
3267.000000
2428.000000
3267.000000
3267.000000
2188.000000
2571.000000
1021.000000
3267.000000
2800.000000
2130.000000
2800.000000
2800.000000
3267.000000
2800.000000
1021.000000
3267.000000
3267.000000
2213.000000
3267.000000
3267.000000
2800.000000
3267.000000
3267.000000
3267.000000
2800.000000
2800.000000
2800.000000
3832.000000
2800.000000
326.000000
87.000000
3267.000000
573.000000
1377.000000
998.000000
3267.000000
1341.000000
370.000000
1077.000000
2800.000000
3267.000000
2800.000000
3267.000000
1021.000000
1723.000000
1377.000000
326.000000
1723.000000
2584.000000
1021.000000
3267.000000
1844.000000
2800.000000
2800.000000
845.000000
2800.000000
3267.000000
1377.000000
3267.000000
1341.000000
3267.000000
3267.000000
370.000000
2800.000000
2213.000000
1377.000000
3267.000000
3267.000000
2800.000000
3267.000000
3267.000000
2800.000000
326.000000
3267.000000
1377.000000
3267.000000
2188.000000
3267.000000
3267.000000
3267.000000
1021.000000
3453.000000
3127.000000
2800.000000
3267.000000
3267.000000
406.000000
458.000000
3267.000000
2111.000000
36.000000
1621.000000
2800.000000
3267.000000
2020.000000
313.000000
3534.000000
3426.000000
2387.000000
2800.000000
1377.000000
3267.000000
2800.000000
1723.000000
326.000000
1680.000000
1723.000000
3267.000000
3267.000000
2130.000000
930.000000
3267.000000
1021.000000
370.000000
2410.000000
2188.000000
1377.000000
1021.000000
3267.000000
2800.000000
1377.000000
2800.000000
3267.000000
1377.000000
1021.000000
2800.000000
2800.000000
2800.000000
1377.000000
3267.000000
3267.000000
2821.000000
1811.000000
1258.000000
3267.000000
194.000000
2208.000000
2800.000000
1021.000000
1327.000000
1377.000000
2800.000000
2188.000000
3267.000000
2800.000000
3267.000000
1021.000000
1059.000000
3649.000000
3267.000000
3267.000000
1767.000000
927.000000
2800.000000
2111.000000
2800.000000
1563.000000
146.000000
1899.000000
3267.000000
0.000000
1021.000000
2800.000000
1377.000000
3267.000000
3267.000000
1021.000000
2800.000000
2800.000000
1377.000000
2800.000000
3267.000000
2111.000000
3267.000000
3267.000000
1021.000000
1999.000000
2800.000000
3267.000000
3759.000000
1723.000000
2800.000000
2188.000000
2800.000000
877.000000
2843.000000
2800.000000
3413.000000
3267.000000
3267.000000
3673.000000
3326.000000
1021.000000
814.000000
2800.000000
1021.000000
2800.000000
3267.000000
1118.000000
2800.000000
2800.000000
2800.000000
2800.000000
96.000000
3013.000000
1021.000000
3267.000000
2800.000000
2102.000000
2800.000000
2800.000000
3267.000000
2687.000000
2800.000000
3267.000000
3267.000000
1377.000000
3267.000000
3267.000000
2800.000000
1021.000000
1377.000000
2800.000000
2111.000000
1377.000000
3673.000000
2800.000000
2800.000000
3267.000000
2800.000000
3267.000000
3722.000000
1723.000000
3443.000000
3267.000000
3029.000000
2800.000000
3267.000000
2517.000000
2296.000000
1377.000000
2800.000000
1723.000000
1021.000000
1377.000000
1766.000000
2800.000000
2483.000000
3267.000000
2800.000000
3267.000000
2800.000000
2465.000000
3362.000000
1021.000000
2130.000000
3267.000000
2800.000000
897.000000
3267.000000
392.000000
2800.000000
1377.000000
2800.000000
326.000000
3286.000000
3267.000000
2800.000000
2800.000000
1723.000000
3267.000000
3267.000000
3267.000000
2544.000000
3267.000000
2800.000000
3267.000000
1377.000000
1388.000000
1021.000000
3267.000000
399.000000
2893.000000
1021.000000
2800.000000
3267.000000
1377.000000
2800.000000
504.000000
3267.000000
2800.000000
3267.000000
3254.000000
370.000000
1377.000000
1288.000000
3267.000000
1377.000000
2800.000000
3267.000000
3781.000000
1377.000000
2800.000000
1377.000000
1716.000000
3267.000000
1723.000000
3267.000000
2377.000000
3267.000000
1723.000000
2020.000000
3267.000000
3267.000000
2020.000000
3463.000000
1377.000000
1203.000000
1377.000000
866.000000
1021.000000
2208.000000
3267.000000
3650.000000
2800.000000
2213.000000
2051.000000
3267.000000
3471.000000
892.000000
1377.000000
1508.000000
3267.000000
2465.000000
732.000000
2800.000000
2253.000000
1021.000000
1021.000000
3267.000000
3267.000000
3267.000000
2800.000000
3024.000000
3267.000000
2800.000000
3832.000000
1021.000000
3267.000000
2290.000000
1377.000000
1723.000000
3267.000000
3267.000000
1021.000000
2800.000000
1377.000000
1377.000000
2800.000000
2759.000000
3267.000000
1554.000000
1426.000000
1723.000000
1021.000000
1377.000000
2800.000000
3267.000000
2744.000000
3267.000000
2800.000000
1377.000000
1723.000000
3267.000000
3267.000000
1021.000000
671.000000
2800.000000
2800.000000
2020.000000
2800.000000
2188.000000
3267.000000
3267.000000
91.000000
1887.000000
303.000000
1723.000000
3267.000000
3267.000000
1366.000000
1377.000000
2188.000000
2800.000000
1377.000000
1341.000000
3267.000000
3267.000000
3848.000000
3267.000000
897.000000
3267.000000
2465.000000
3267.000000
2974.000000
2800.000000
1021.000000
897.000000
400.000000
3267.000000
3267.000000
3267.000000
3267.000000
2111.000000
1716.000000
2800.000000
3267.000000
2800.000000
941.000000
1021.000000
3267.000000
2800.000000
1377.000000
3267.000000
3267.000000
3267.000000
3673.000000
2800.000000
3267.000000
2800.000000
2800.000000
1021.000000
2800.000000
3267.000000
3267.000000
218.000000
2800.000000
1021.000000
144.000000
2800.000000
2800.000000
3267.000000
1021.000000
1341.000000
3267.000000
2800.000000
3267.000000
2800.000000
1377.000000
3267.000000
2800.000000
1341.000000
3267.000000
1377.000000
2708.000000
3267.000000
2364.000000
3267.000000
2800.000000
2800.000000
2800.000000
3769.000000
3267.000000
2111.000000
1716.000000
2800.000000
2800.000000
3267.000000
2800.000000
2800.000000
3267.000000
3267.000000
2800.000000
1723.000000
3267.000000
1377.000000
1781.000000
3491.000000
1021.000000
3267.000000
2800.000000
313.000000
2800.000000
3267.000000
1723.000000
316.000000
104.000000
2800.000000
2800.000000
1021.000000
3267.000000
1716.000000
3267.000000
3267.000000
3267.000000
2060.000000
2800.000000
2800.000000
1021.000000
1723.000000
227.000000
3267.000000
1111.000000
2800.000000
3267.000000
2800.000000
2800.000000
3869.000000
3267.000000
3267.000000
2800.000000
3267.000000
2020.000000
1723.000000
2800.000000
2500.000000
1723.000000
1021.000000
2800.000000
1021.000000
2800.000000
1021.000000
3759.000000
3267.000000
2800.000000
2800.000000
566.000000
3267.000000
2188.000000
1684.000000
194.000000
3267.000000
2270.000000
2800.000000
2800.000000
1377.000000
375.000000
3267.000000
3267.000000
3267.000000
602.000000
3267.000000
3267.000000
2800.000000
1829.000000
2800.000000
3596.000000
2800.000000
198.000000
3267.000000
3267.000000
3267.000000
1341.000000
2800.000000
3267.000000
2800.000000
824.000000
924.000000
3759.000000
1021.000000
1723.000000
3267.000000
2118.000000
1021.000000
2955.000000
2800.000000
2517.000000
2800.000000
2242.000000
0.000000
2162.000000
158.000000
2800.000000
3267.000000
393.000000
3267.000000
1228.000000
1021.000000
3267.000000
1021.000000
3938.000000
3267.000000
3061.000000
1929.000000
2800.000000
1377.000000
3267.000000
1021.000000
3267.000000
2111.000000
1174.000000
3267.000000
3267.000000
2800.000000
753.000000
1021.000000
2624.000000
1377.000000
2800.000000
2188.000000
899.000000
326.000000
3267.000000
3055.000000
2800.000000
2800.000000
2188.000000
1723.000000
3267.000000
2020.000000
1021.000000
2800.000000
2800.000000
3267.000000
3267.000000
2800.000000
1357.000000
2417.000000
1908.000000
1377.000000
2800.000000
3267.000000
1377.000000
1723.000000
2966.000000
3267.000000
248.000000
2800.000000
3832.000000
3204.000000
888.000000
2130.000000
3267.000000
1723.000000
1377.000000
1377.000000
1377.000000
0.000000
1377.000000
1021.000000
2188.000000
765.000000
1377.000000
2188.000000
2800.000000
3267.000000
1087.000000
1377.000000
2800.000000
3267.000000
2800.000000
2800.000000
3267.000000
3267.000000
3267.000000
3267.000000
2800.000000
3267.000000
3267.000000
1377.000000
2800.000000
2465.000000
2686.000000
1641.000000
3267.000000
3267.000000
2800.000000
1377.000000
3267.000000
3267.000000
1377.000000
2800.000000
2800.000000
3267.000000
2800.000000
3953.000000
3267.000000
1377.000000
3588.000000
3267.000000
2800.000000
2800.000000
628.000000
3267.000000
2111.000000
3267.000000
1723.000000
3267.000000
1021.000000
2800.000000
1341.000000
3267.000000
1716.000000
2800.000000
2155.000000
1021.000000
3636.000000
2800.000000
2800.000000
3267.000000
3832.000000
3267.000000
2800.000000
2065.000000
1377.000000
2465.000000
2465.000000
1021.000000
1377.000000
3267.000000
2800.000000
3267.000000
2800.000000
3267.000000
1723.000000
2483.000000
2800.000000
2800.000000
1377.000000
326.000000
1021.000000
3267.000000
1377.000000
1021.000000
3267.000000
3267.000000
2816.000000
73.000000
3267.000000
3267.000000
2020.000000
1723.000000
3829.000000
1278.000000
1377.000000
2800.000000
3443.000000
88.000000
3719.000000
1377.000000
1759.000000
1377.000000
295.000000
1021.000000
2800.000000
3267.000000
2800.000000
3267.000000
1357.000000
566.000000
1377.000000
3267.000000
3267.000000
3267.000000
3267.000000
2800.000000
3267.000000
3267.000000
3267.000000
3267.000000
2385.000000
2808.000000
2111.000000
3267.000000
2020.000000
2800.000000
2111.000000
3063.000000
2800.000000
1754.000000
1377.000000
2800.000000
124.000000
3267.000000
837.000000
2800.000000
2224.000000
3759.000000
2800.000000
3267.000000
1087.000000
2881.000000
1117.000000
3267.000000
3267.000000
3759.000000
3820.000000
2800.000000
2877.000000
3267.000000
3267.000000
1341.000000
3267.000000
1377.000000
1021.000000
2800.000000
3422.000000
1377.000000
1493.000000
1341.000000
3848.000000
3267.000000
2800.000000
3267.000000
3267.000000
2800.000000
2188.000000
1021.000000
3267.000000
3267.000000
2800.000000
3267.000000
1030.000000
1377.000000
1723.000000
3267.000000
3267.000000
222.000000
3267.000000
1723.000000
1021.000000
1377.000000
3267.000000
3267.000000
1021.000000
2800.000000
2800.000000
2800.000000
2800.000000
2289.000000
3267.000000
2111.000000
1723.000000
3267.000000
2800.000000
385.000000
1723.000000
1377.000000
3267.000000
1723.000000
3267.000000
2800.000000
3519.000000
2800.000000
3267.000000
1377.000000
3267.000000
2800.000000
3267.000000
3267.000000
1021.000000
1021.000000
2800.000000
3075.000000
2020.000000
1377.000000
3267.000000
875.000000
2800.000000
1838.000000
3221.000000
1754.000000
1021.000000
1377.000000
3267.000000
1723.000000
2800.000000
2800.000000
2800.000000
3267.000000
1723.000000
3267.000000
0.000000
3267.000000
2459.000000
1723.000000
3267.000000
1377.000000
2800.000000
2800.000000
1021.000000
2800.000000
2800.000000
796.000000
1341.000000
2140.000000
1377.000000
2213.000000
2020.000000
1921.000000
3267.000000
3038.000000
3267.000000
1377.000000
2800.000000
3267.000000
3267.000000
1021.000000
2800.000000
1021.000000
3267.000000
3267.000000
2800.000000
1377.000000
3267.000000
1377.000000
3267.000000
3267.000000
3267.000000
3817.000000
3653.000000
1723.000000
1021.000000
1723.000000
1723.000000
3267.000000
2188.000000
3267.000000
2465.000000
2800.000000
2800.000000
2800.000000
3267.000000
3965.000000
2800.000000
2800.000000
1021.000000
2297.000000
2714.000000
3673.000000
1021.000000
644.000000
2800.000000
3267.000000
2800.000000
3956.000000
1377.000000
2800.000000
3267.000000
3267.000000
2800.000000
1045.000000
460.000000
3267.000000
3267.000000
659.000000
3820.000000
1377.000000
1341.000000
3267.000000
3267.000000
1723.000000
2800.000000
2800.000000
1005.000000
326.000000
3267.000000
3267.000000
3267.000000
2043.000000
1816.000000
2800.000000
3267.000000
2800.000000
1377.000000
2800.000000
1908.000000
3267.000000
2800.000000
386.000000
1723.000000
3267.000000
1377.000000
3267.000000
3267.000000
3267.000000
2800.000000
3267.000000
1377.000000
3267.000000
1021.000000
3267.000000
2345.000000
1021.000000
3267.000000
1377.000000
2224.000000
1021.000000
2638.000000
1021.000000
2800.000000
1021.000000
3267.000000
750.000000
2465.000000
1377.000000
1377.000000
2800.000000
1723.000000
1377.000000
3267.000000
2800.000000
3267.000000
3759.000000
2800.000000
1021.000000
3267.000000
2800.000000
3267.000000
1377.000000
3267.000000
0.000000
3267.000000
3020.000000
3486.000000
1021.000000
1377.000000
3267.000000
3267.000000
3267.000000
2800.000000
3267.000000
1723.000000
2020.000000
3353.000000
3267.000000
2162.000000
3267.000000
3267.000000
3267.000000
1383.000000
326.000000
1723.000000
1377.000000
819.000000
1021.000000
2800.000000
1988.000000
1377.000000
2800.000000
842.000000
1723.000000
3065.000000
3267.000000
2800.000000
2800.000000
1377.000000
3683.000000
3350.000000
3267.000000
2800.000000
3267.000000
3267.000000
2800.000000
2465.000000
2885.000000
2800.000000
2800.000000
3267.000000
851.000000
3267.000000
2800.000000
851.000000
2800.000000
1607.000000
2800.000000
2229.000000
2800.000000
1943.000000
3267.000000
3267.000000
1377.000000
3267.000000
3267.000000
3267.000000
2188.000000
2273.000000
1377.000000
3267.000000
3267.000000
782.000000
1980.000000
1723.000000
1554.000000
326.000000
2800.000000
1291.000000
3759.000000
2111.000000
1377.000000
1569.000000
0.000000
3267.000000
3267.000000
2800.000000
3848.000000
326.000000
2800.000000
1377.000000
1021.000000
3270.000000
3267.000000
1021.000000
3267.000000
1021.000000
1021.000000
2800.000000
3943.000000
2800.000000
2800.000000
2800.000000
1377.000000
2130.000000
3267.000000
1377.000000
3267.000000
2800.000000
3267.000000
2800.000000
1021.000000
2188.000000
618.000000
886.000000
1021.000000
2800.000000
3267.000000
2800.000000
3267.000000
3080.000000
2800.000000
1377.000000
2800.000000
1714.000000
1021.000000
1723.000000
2800.000000
3267.000000
3267.000000
1021.000000
3267.000000
3267.000000
3267.000000
2800.000000
3267.000000
1140.000000
3267.000000
3267.000000
3267.000000
2800.000000
3267.000000
2800.000000
2800.000000
3267.000000
3267.000000
3650.000000
2800.000000
1723.000000
3267.000000
621.000000
3267.000000
2800.000000
223.000000
3267.000000
3267.000000
2800.000000
3267.000000
3267.000000
3569.000000
3267.000000
2800.000000
1021.000000
2800.000000
3267.000000
921.000000
1021.000000
2810.000000
2800.000000
3267.000000
2584.000000
3267.000000
2800.000000
3267.000000
2213.000000
2800.000000
2800.000000
2800.000000
3267.000000
2800.000000
1021.000000
3267.000000
2687.000000
1377.000000
2800.000000
3267.000000
2800.000000
3557.000000
2020.000000
3267.000000
2800.000000
2800.000000
3961.000000
1341.000000
2800.000000
3222.000000
3267.000000
3267.000000
1754.000000
2800.000000
3267.000000
2800.000000
2111.000000
3267.000000
2800.000000
1021.000000
3267.000000
3267.000000
2250.000000
325.000000
2465.000000
1166.000000
2800.000000
2800.000000
2800.000000
3267.000000
3267.000000
3267.000000
3267.000000
3267.000000
2800.000000
2188.000000
2465.000000
2800.000000
2800.000000
2168.000000
3267.000000
2800.000000
3267.000000
2800.000000
3453.000000
1021.000000
2800.000000
2800.000000
2800.000000
3267.000000
3293.000000
2239.000000
1021.000000
3063.000000
3742.000000
2800.000000
2800.000000
2800.000000
1377.000000
2042.000000
3267.000000
2540.000000
3267.000000
2800.000000
1377.000000
326.000000
1341.000000
3267.000000
3267.000000
2111.000000
3267.000000
1021.000000
1377.000000
3267.000000
2800.000000
2188.000000
897.000000
1377.000000
3267.000000
3267.000000
2774.000000
301.000000
3267.000000
3267.000000
3267.000000
3267.000000
3267.000000
1377.000000
3267.000000
337.000000
2111.000000
2800.000000
2800.000000
2800.000000
3267.000000
326.000000
1377.000000
2800.000000
1306.000000
223.000000
2497.000000
2188.000000
2188.000000
2800.000000
3267.000000
3267.000000
2111.000000
1021.000000
1377.000000
3267.000000
2800.000000
3156.000000
3267.000000
3267.000000
2800.000000
3267.000000
3586.000000
2800.000000
3267.000000
1377.000000
1377.000000
2800.000000
3561.000000
3267.000000
2800.000000
1021.000000
2632.000000
3267.000000
1021.000000
1723.000000
2687.000000
1723.000000
141.000000
3267.000000
1723.000000
1377.000000
2800.000000
3267.000000
1377.000000
1021.000000
2269.000000
1377.000000
686.000000
1021.000000
1377.000000
3267.000000
2188.000000
2800.000000
2800.000000
2800.000000
